    0.0068325857
    0.0119214112
    0.0081718458
    0.0039235859
    0.0013854832
    0.0005938196
    0.0018536421
    0.0066235217
    0.0021498994
    0.0008031098
    0.0000878552
   -0.0013005409
   -0.0017057378
   -0.0002525865
    0.0012236544
   -0.0018921278
   -0.0036480185
   -0.0032153708
   -0.0018785737
   -0.0001150450
    0.0019457947
    0.0041361022
    0.0064250241
    0.0092397383
   -0.0051288120
   -0.0054118576
   -0.0043121341
   -0.0028153132
   -0.0014113105
   -0.0002183954
    0.0013036821
    0.0038616328
    0.0085968531
   -0.0076543910
   -0.0071553854
   -0.0046831115
    0.0010387283
    0.0025261628
   -0.0113502053
   -0.0109708336
   -0.0075363529
    0.0009591793
   -0.0261001422
   -0.0200849159
   -0.0160615620
   -0.0341523501
   -0.0235048733
    0.0126260912
    0.0130099509
    0.0133385594
    0.0132658577
    0.0128017876
    0.0130415398
    0.0142271930
    0.0125996996
    0.0138000748
    0.0137534376
    0.0148858791
    0.0144391203
    0.0165833022
    0.0014992869
    0.0174183492
    0.0194791546
    0.0216436480
   -0.0035163000
   -0.0094276048
    0.0228759546
    0.0284369843
    0.0328066524
    0.0302523516
    0.0176806406
    0.0221653725
    0.0334865910
   -0.0004330791
   -0.0131223327
   -0.0073079473
    0.0001657968
    0.0093791873
    0.0125040683
   -0.0073974851
   -0.0223450356
   -0.0310751086
   -0.0332554178
    0.0063905942
   -0.0143042288
   -0.0290548398
   -0.0380863012
   -0.0419465956
   -0.0416893498
   -0.0051410731
   -0.0247237248
   -0.0374673173
   -0.0443276728
   -0.0466427445
   -0.0460766005
   -0.0436826458
   -0.0391213608
   -0.0337079614
   -0.0300586556
   -0.0250583872
   -0.0166105128
   -0.0042067376
    0.0132204925
   -0.0030740150
   -0.0236324778
   -0.0371485024
   -0.0445657513
   -0.0474641091
   -0.0474412530
   -0.0454162493
   -0.0419016958
   -0.0366392606
   -0.0280362241
   -0.0145675934
    0.0049412900
   -0.0118160460
   -0.0290053039
   -0.0396524131
   -0.0445521473
   -0.0452554397
   -0.0424687277
   -0.0355400923
   -0.0230347326
   -0.0046139839
   -0.0039661573
   -0.0166418541
   -0.0325130213
   -0.0377692387
   -0.0312950402
   -0.0145505481
   -0.0239971997
    0.0013066596
    0.0013122590
    0.0001330890
   -0.0000759533
    0.0010165728
    0.0009602327
   -0.0007112862
   -0.0068441820
   -0.0039663584
   -0.0016738730
   -0.0010726232
   -0.0022434141
   -0.0045464469
   -0.0139973629
   -0.0082057795
   -0.0059497618
   -0.0065709650
   -0.0260597056
   -0.0163304046
   -0.0134594027
   -0.0004026582
   -0.0051342974
   -0.0018481757
    0.0003256919
    0.0012725652
    0.0013672484
   -0.0098550688
   -0.0045217727
   -0.0008365071
    0.0009203351
    0.0009089152
   -0.0002469299
   -0.0146812040
   -0.0072849689
   -0.0030371293
   -0.0019595064
   -0.0039951230
   -0.0097968183
   -0.0220093143
   -0.0113107757
   -0.0093426745
   -0.0178225020
   -0.0220285992
    0.0117497835
    0.0123213937
    0.0096051791
    0.0084736130
    0.0101320867
    0.0123698827
    0.0133735705
    0.0137320693
    0.0125750921
    0.0044727605
    0.0064025134
    0.0087234630
    0.0108196142
    0.0124209301
    0.0134590113
    0.0046453481
    0.0067824675
    0.0087600728
    0.0106433306
    0.0126049144
    0.0145448232
    0.0122887849
    0.0135440040
    0.0144591788
    0.0156601249
    0.0116182062
    0.0138493661
    0.0151768743
    0.0166686968
    0.0185545450
    0.0079756940
    0.0110055472
    0.0135443164
    0.0153313232
    0.0175380785
    0.0076921383
    0.0113353555
    0.0143253493
    0.0181401811
    0.0008732557
    0.0065751901
    0.0115306689
    0.0129236767
    0.0142086106
    0.0128897412
    0.0108377571
    0.0139352327
    0.0147874020
    0.0152460646
    0.0141374351
    0.0115320961
    0.0087631646
    0.0152001771
    0.0162221239
    0.0158752775
    0.0135604694
    0.0098314919
    0.0061302114
    0.0186952809
    0.0183423679
    0.0155708237
    0.0106451847
    0.0047392449
    0.0134138297
    0.0386022703
    0.0390269912
    0.0345038696
    0.0238347561
    0.0379036496
    0.0400622963
    0.0380454570
    0.0314234465
    0.0192977124
    0.0316675804
    0.0356709521
    0.0378545253
    0.0345451045
    0.0253656032
    0.0093268188
    0.0125431371
    0.0277333397
    0.0308819060
    0.0314570217
    0.0244987685
    0.0098958250
    0.0224385958
    0.0218898185
    0.0127044005
    0.0153696400
    0.0059425240
    0.0059857145
    0.0094974355
    0.0069590308
    0.0040994852
    0.0021941429
    0.0016087898
    0.0025080399
    0.0054680664
    0.0024026995
    0.0007600091
   -0.0000869373
   -0.0005386542
   -0.0002370916
    0.0011307488
    0.0025241516
    0.0006499315
    0.0002213284
   -0.0002747809
   -0.0013318093
   -0.0020799869
   -0.0019015354
   -0.0009289099
    0.0005662123
    0.0024061805
    0.0092218919
    0.0006069621
   -0.0006292346
   -0.0021726778
   -0.0034196923
   -0.0035117674
   -0.0028721557
   -0.0018818699
   -0.0007086714
    0.0005788943
    0.0019807288
    0.0035861220
    0.0055675251
    0.0082586144
   -0.0047778801
   -0.0040721255
   -0.0050720954
   -0.0048236126
   -0.0039177431
   -0.0027526201
   -0.0015913362
   -0.0005606236
    0.0005040971
    0.0019838404
    0.0042926354
   -0.0137201950
   -0.0063599331
   -0.0069456088
   -0.0062353099
   -0.0047011742
   -0.0028162755
    0.0001667603
    0.0010220098
    0.0030693046
   -0.0098638578
   -0.0097028188
   -0.0084605026
   -0.0061180706
    0.0001400598
    0.0009737930
   -0.0276425187
   -0.0198938877
   -0.0161758291
   -0.0138994941
   -0.0112781267
   -0.0025531011
   -0.0307075507
   -0.0228018506
   -0.0177205021
   -0.0251397756
   -0.0308176736
    0.0103177153
    0.0109006047
    0.0098776120
    0.0108202895
    0.0110858546
    0.0112546442
    0.0107970036
    0.0110473230
    0.0118438333
    0.0054490728
    0.0108499870
    0.0109523118
    0.0116335364
    0.0118902630
    0.0130687875
    0.0104362438
    0.0119146167
    0.0130851937
    0.0130088459
    0.0138917380
    0.0151659135
    0.0007606218
   -0.0023413480
    0.0085521084
    0.0151813368
    0.0167255867
    0.0183932981
    0.0187450536
    0.0164664283
    0.0035165166
   -0.0038580643
   -0.0088856628
   -0.0100576701
    0.0182964675
    0.0219167713
    0.0254524066
    0.0263061831
    0.0219671301
    0.0120655473
    0.0170113865
    0.0227900389
   -0.0010598661
    0.0019686288
    0.0180006518
   -0.0082913999
   -0.0054129226
   -0.0010431163
    0.0040577070
    0.0098496381
   -0.0178197760
   -0.0120622051
   -0.0052367388
    0.0119743378
   -0.0012235549
   -0.0123118350
   -0.0203752223
   -0.0250535387
   -0.0261769309
    0.0033724272
   -0.0099674895
   -0.0202351901
   -0.0272687912
   -0.0311876184
   -0.0323723077
   -0.0315959113
   -0.0000284164
   -0.0136103867
   -0.0237778281
   -0.0306278013
   -0.0345065721
   -0.0360174435
   -0.0359514706
   -0.0348611469
    0.0124154235
    0.0014297135
   -0.0131422318
   -0.0240849530
   -0.0314297425
   -0.0356286048
   -0.0373960266
   -0.0374351856
   -0.0360838089
   -0.0334900452
   -0.0303295086
   -0.0268212350
   -0.0219662901
   -0.0149566692
   -0.0054033217
    0.0069444763
   -0.0039744551
   -0.0175378356
   -0.0273876330
   -0.0334598953
   -0.0364028369
   -0.0370031323
   -0.0357949320
   -0.0330669708
   -0.0286691466
   -0.0218813464
   -0.0120710367
    0.0007727979
   -0.0015832517
   -0.0151715687
   -0.0259778821
   -0.0321378960
   -0.0340983660
   -0.0325558150
   -0.0275127635
   -0.0184385799
   -0.0058663729
   -0.0065348771
   -0.0143153792
   -0.0246592275
   -0.0280771344
   -0.0232984279
   -0.0125359137
   -0.0188801415
    0.0001877540
   -0.0003205246
   -0.0005693730
   -0.0002959437
   -0.0005100913
   -0.0014570539
   -0.0042826061
   -0.0030353831
   -0.0019940001
   -0.0017845791
   -0.0025046255
   -0.0116854790
   -0.0080665101
   -0.0056892449
   -0.0047350121
   -0.0050550016
   -0.0177394877
   -0.0123262661
   -0.0098729989
   -0.0094891019
   -0.0238551249
   -0.0178165652
   -0.0019514339
   -0.0007292599
   -0.0039634678
   -0.0018363385
   -0.0005682200
   -0.0000638321
   -0.0000064722
   -0.0074319998
   -0.0042173218
   -0.0022566454
   -0.0015160608
   -0.0018363520
   -0.0029948616
   -0.0131356523
   -0.0081331168
   -0.0055429888
   -0.0052470847
   -0.0074019682
   -0.0138663110
   -0.0122728548
   -0.0205497963
   -0.0240243132
    0.0089925674
    0.0097542088
    0.0076753953
    0.0066163414
    0.0076818679
    0.0094046589
    0.0103760225
    0.0111872187
    0.0105837115
    0.0041744538
    0.0055958738
    0.0072070430
    0.0087017891
    0.0099363704
    0.0108314966
    0.0033297291
    0.0048991223
    0.0064109110
    0.0078450931
    0.0092522213
    0.0106680139
    0.0112923782
    0.0119540407
    0.0128688773
    0.0099668784
    0.0113079862
    0.0122647196
    0.0135743589
    0.0074253123
    0.0094550355
    0.0111634428
    0.0124824022
    0.0141319736
    0.0055990956
    0.0080737827
    0.0102650314
    0.0121673703
    0.0145013506
    0.0050132430
    0.0080686866
    0.0109659142
    0.0033913898
    0.0081504794
    0.0105277094
    0.0114184904
    0.0101943293
    0.0087617059
    0.0122321798
    0.0122968293
    0.0115157755
    0.0097988151
    0.0077684468
    0.0132632279
    0.0131205183
    0.0119388823
    0.0097705003
    0.0071121248
    0.0047579013
    0.0149828652
    0.0136764190
    0.0109894464
    0.0073026686
    0.0034004328
    0.0163817607
    0.0114256436
    0.0307751334
    0.0285707093
    0.0229887870
    0.0301377075
    0.0317184143
    0.0307728615
    0.0269764251
    0.0198449968
    0.0285521692
    0.0308031723
    0.0302709678
    0.0268169196
    0.0201040426
    0.0095093156
    0.0234275533
    0.0256756509
    0.0280003845
    0.0268967456
    0.0222939737
    0.0138950303
    0.0196879119
    0.0213491700
    0.0224292734
    0.0184618408
    0.0094744400
    0.0149868294
    0.0140230746
    0.0067082309
    0.0090383395
    0.0073386841
    0.0052906930
    0.0044700502
    0.0090304024
    0.0079127449
    0.0061311680
    0.0041061390
    0.0026694278
    0.0021762633
    0.0027212180
    0.0049105505
    0.0027326752
    0.0013440019
    0.0006133179
    0.0003846340
    0.0007445746
    0.0017979174
    0.0034736437
    0.0036110881
    0.0015439173
    0.0004509198
   -0.0001471267
   -0.0006220250
   -0.0009445453
   -0.0008741512
   -0.0003056779
    0.0007022042
    0.0020383979
    0.0035593770
    0.0084926065
    0.0094596506
    0.0005360310
   -0.0002541846
   -0.0004534486
   -0.0008020774
   -0.0014617432
   -0.0020322118
   -0.0021507607
   -0.0017802896
   -0.0010507104
   -0.0000826263
    0.0010419946
    0.0022538362
    0.0035016205
    0.0047862936
    0.0061794055
    0.0077895529
   -0.0014562955
   -0.0016912870
   -0.0024395076
   -0.0031590265
   -0.0033351539
   -0.0030299251
   -0.0024166553
   -0.0016293688
   -0.0007487352
    0.0001843700
    0.0011792337
    0.0023026398
    0.0036621039
    0.0053990267
   -0.0051187473
   -0.0040234982
   -0.0045616959
   -0.0044933762
   -0.0039714979
   -0.0031845214
   -0.0022826064
   -0.0013855530
   -0.0005503541
    0.0002852079
    0.0012920494
    0.0026807130
    0.0047158778
   -0.0110436653
   -0.0059104525
   -0.0061600291
   -0.0058293790
   -0.0050216535
   -0.0039109273
   -0.0027007498
   -0.0016233366
   -0.0008251748
   -0.0002190819
    0.0004952774
    0.0016712207
    0.0037166671
   -0.0181627811
   -0.0086941753
   -0.0084167257
   -0.0077638784
   -0.0066265455
   -0.0050865747
   -0.0033709036
   -0.0003357968
    0.0002864452
    0.0018191232
   -0.0200403388
   -0.0156594604
   -0.0132421626
   -0.0117139223
   -0.0102384592
   -0.0084098239
   -0.0061707487
   -0.0017882231
   -0.0013946009
   -0.0259768948
   -0.0201559393
   -0.0165333997
   -0.0137867396
   -0.0111184521
   -0.0057934066
   -0.0232915095
   -0.0183255126
   -0.0143985683
   -0.0112366308
   -0.0249310079
   -0.0196512297
   -0.0179253774
    0.0090052379
    0.0081089634
    0.0092419692
    0.0094450384
    0.0097375815
    0.0097146101
    0.0093462409
    0.0095832605
    0.0100112470
    0.0093431750
    0.0094059288
    0.0098572722
    0.0101653333
    0.0107597559
    0.0031714225
    0.0089464015
    0.0094203604
    0.0097015964
    0.0104900579
    0.0107284464
    0.0112710705
    0.0119633163
    0.0010763061
    0.0090249348
    0.0099954743
    0.0103934872
    0.0114411469
    0.0117148824
    0.0123582909
    0.0131458718
    0.0136498644
    0.0133609761
    0.0008976282
   -0.0022128251
   -0.0037157290
    0.0076831130
    0.0131222343
    0.0142995872
    0.0156156957
    0.0164174632
    0.0159756393
    0.0137263341
    0.0095858569
    0.0041419536
   -0.0015023080
   -0.0061668915
   -0.0089657098
    0.0148642779
    0.0172073299
    0.0197136205
    0.0213750555
    0.0209336416
    0.0174199411
    0.0108500787
    0.0032564979
    0.0135971683
    0.0170485031
    0.0215419850
    0.0005719081
    0.0031216074
    0.0139123885
    0.0205503310
   -0.0040651400
   -0.0014593876
    0.0017654562
    0.0052802495
    0.0091144853
   -0.0110580801
   -0.0078517568
   -0.0040244736
    0.0004721398
    0.0060311382
   -0.0025631586
   -0.0094599983
   -0.0144498451
   -0.0171887030
    0.0087582866
   -0.0009779968
   -0.0093705211
   -0.0158982648
   -0.0203464069
   -0.0226791485
   -0.0229924208
   -0.0009030770
   -0.0100503994
   -0.0172486523
   -0.0223872631
   -0.0255454947
   -0.0269833115
   -0.0271797136
   -0.0038516777
   -0.0127137796
   -0.0196042684
   -0.0245037192
   -0.0275770730
   -0.0291396603
   -0.0295879217
   -0.0292055437
   -0.0173059203
    0.0013339161
    0.0089953840
   -0.0037178954
   -0.0127825297
   -0.0198927192
   -0.0249566036
   -0.0281479858
   -0.0297907735
   -0.0302161837
   -0.0296170911
   -0.0280876852
   -0.0258974031
   -0.0233608083
   -0.0202651962
   -0.0161168186
   -0.0106177535
   -0.0036795384
    0.0046042470
   -0.0009774017
   -0.0107045900
   -0.0186881811
   -0.0243352510
   -0.0277163030
   -0.0291881601
   -0.0291074375
   -0.0277309535
   -0.0252179229
   -0.0214475135
   -0.0160674648
   -0.0088912478
   -0.0002221456
    0.0019980997
    0.0041096585
   -0.0007161119
   -0.0093091577
   -0.0175458377
   -0.0233159899
   -0.0262118260
   -0.0265170593
   -0.0245139545
   -0.0202118404
   -0.0135568514
   -0.0052882758
   -0.0063489082
   -0.0119724307
   -0.0195249732
   -0.0219277597
   -0.0181375588
   -0.0103354811
   -0.0151399480
   -0.0007801677
   -0.0010413808
   -0.0027351603
   -0.0022302036
   -0.0019590277
   -0.0021888587
   -0.0062222197
   -0.0048522191
   -0.0040790710
   -0.0039733434
   -0.0044393966
   -0.0130427710
   -0.0096319380
   -0.0077178041
   -0.0070195602
   -0.0152503646
   -0.0123086768
   -0.0014256396
   -0.0007178633
   -0.0041200607
   -0.0025344650
   -0.0016065362
   -0.0012341476
   -0.0084755915
   -0.0056531793
   -0.0039463489
   -0.0032861830
   -0.0035838464
   -0.0096160348
   -0.0073659516
   -0.0071496779
   -0.0092426277
   -0.0150609169
   -0.0137308502
    0.0072780122
    0.0080897565
    0.0064579838
    0.0054876071
    0.0061794731
    0.0075415444
    0.0084496948
    0.0094244541
    0.0046267451
    0.0058791664
    0.0071145118
    0.0082019492
    0.0090411173
    0.0043037529
    0.0055682763
    0.0067998764
    0.0080219400
    0.0092245762
    0.0096391144
    0.0104613351
    0.0115406302
    0.0082604185
    0.0095264755
    0.0105874518
    0.0118901239
    0.0059918993
    0.0076536830
    0.0091468469
    0.0105025125
    0.0123189249
    0.0058576579
    0.0079440038
    0.0099703928
    0.0056056117
    0.0086784861
    0.0096311598
    0.0085207451
    0.0103396516
    0.0095375856
    0.0081036534
    0.0065239709
    0.0113220322
    0.0109886537
    0.0099064097
    0.0081263160
    0.0060282581
    0.0125492993
    0.0116534802
    0.0098396131
    0.0072853738
    0.0044222836
    0.0121383441
    0.0087929464
    0.0258150427
    0.0251301706
    0.0224242283
    0.0173533141
    0.0236511239
    0.0253553824
    0.0254369334
    0.0237822122
    0.0202152944
    0.0144628709
    0.0218410700
    0.0238787617
    0.0237896413
    0.0215234154
    0.0169085939
    0.0096360225
    0.0175607262
    0.0190965863
    0.0210143796
    0.0201042186
    0.0163346823
    0.0095308661
    0.0141700510
    0.0151509301
    0.0159832149
    0.0127392283
    0.0055115254
    0.0100815504
    0.0089383564
    0.0055560887
    0.0061422628
    0.0046278709
    0.0038694380
    0.0047362034
    0.0075441573
    0.0068014136
    0.0054446807
    0.0038474648
    0.0026629793
    0.0021961329
    0.0025035999
    0.0035547485
    0.0083159873
    0.0050292215
    0.0032705315
    0.0019555209
    0.0011550859
    0.0007774928
    0.0007913587
    0.0012385664
    0.0021202694
    0.0033420414
    0.0080802413
    0.0040753001
    0.0022046824
    0.0010035169
    0.0002995315
   -0.0001344876
   -0.0004017488
   -0.0004474251
   -0.0001869200
    0.0003954238
    0.0012526964
    0.0023061867
    0.0034538227
    0.0045829036
    0.0056107490
    0.0065248664
    0.0073678122
    0.0081573530
    0.0019819694
    0.0005225561
   -0.0002027334
   -0.0005679914
   -0.0008798608
   -0.0012208304
   -0.0014690200
   -0.0014792313
   -0.0012036889
   -0.0006774664
    0.0000394438
    0.0008907817
    0.0018256949
    0.0028006468
    0.0037922415
    0.0048107503
    0.0058964179
    0.0070838080
   -0.0008839144
   -0.0013354899
   -0.0013626670
   -0.0014201545
   -0.0017148988
   -0.0021398279
   -0.0024557897
   -0.0025071598
   -0.0022771281
   -0.0018246393
   -0.0012185041
   -0.0005122482
    0.0002579678
    0.0010758282
    0.0019510940
    0.0029211728
    0.0040452619
    0.0053952825
   -0.0034914674
   -0.0032523856
   -0.0030862239
   -0.0034628753
   -0.0035828068
   -0.0034077014
   -0.0029948663
   -0.0024226500
   -0.0017596262
   -0.0010587508
   -0.0003485351
    0.0003818848
    0.0011873293
    0.0021535758
    0.0033836759
    0.0050102906
   -0.0068750269
   -0.0046754297
   -0.0048281850
   -0.0047094234
   -0.0043186482
   -0.0037201831
   -0.0029939351
   -0.0022230285
   -0.0014829935
   -0.0008118029
   -0.0001787472
    0.0005155816
    0.0014080971
    0.0026531008
   -0.0134846112
   -0.0111865427
   -0.0066700035
   -0.0065410471
   -0.0062495092
   -0.0057038267
   -0.0049228474
   -0.0039792482
   -0.0029844187
   -0.0020728337
   -0.0013451154
   -0.0007942775
   -0.0002857353
    0.0003879800
    0.0014499950
   -0.0146801041
   -0.0120347279
   -0.0103940420
   -0.0094131172
   -0.0086724050
   -0.0078722632
   -0.0068798125
   -0.0056861707
   -0.0043804747
   -0.0031425423
   -0.0012738835
   -0.0009487307
   -0.0003121747
   -0.0196043192
   -0.0159093623
   -0.0134858172
   -0.0117710339
   -0.0103045789
   -0.0088100981
   -0.0071948128
   -0.0055461961
   -0.0028234978
   -0.0027844186
   -0.0214751141
   -0.0174809411
   -0.0146579320
   -0.0123577985
   -0.0102261005
   -0.0082204885
   -0.0060821047
   -0.0194551925
   -0.0159225481
   -0.0131526289
   -0.0110850167
   -0.0103527761
   -0.0118254548
   -0.0227496588
   -0.0185445629
   -0.0165604073
   -0.0172062496
    0.0077022030
    0.0069135423
    0.0079901743
    0.0081901591
    0.0082112219
    0.0078016909
    0.0066692660
    0.0083954368
    0.0081594328
    0.0083965500
    0.0086166774
    0.0088236485
    0.0048202184
    0.0081656854
    0.0082426428
    0.0086325620
    0.0088870881
    0.0092078423
    0.0094855917
    0.0035216603
    0.0078396258
    0.0081457463
    0.0084142072
    0.0090316062
    0.0093067391
    0.0096630635
    0.0100332861
    0.0102330290
    0.0028386341
    0.0011008839
    0.0070292390
    0.0077626071
    0.0083764962
    0.0087716510
    0.0096113185
    0.0099595994
    0.0104189832
    0.0109081524
    0.0112281715
    0.0111189538
    0.0103200784
    0.0034943024
    0.0008530134
   -0.0011558850
    0.0068020152
    0.0079309244
    0.0087784027
    0.0092877179
    0.0102627541
    0.0108214578
    0.0115449430
    0.0123210355
    0.0128884713
    0.0129174386
    0.0120941081
    0.0102293763
    0.0073729572
    0.0038616586
    0.0002435304
   -0.0028916742
   -0.0050611929
    0.0050271706
    0.0065887385
    0.0108037766
    0.0118146072
    0.0130639467
    0.0144019986
    0.0154785043
    0.0158232416
    0.0149665796
    0.0126165035
    0.0088279024
    0.0040464510
   -0.0010139419
   -0.0055834438
   -0.0090282016
   -0.0109365787
    0.0041789958
    0.0111425134
    0.0130052401
    0.0152396150
    0.0176102167
    0.0195593367
    0.0202674233
    0.0024367746
    0.0043454718
    0.0112387861
    0.0144393667
    0.0182872082
   -0.0002542967
    0.0017846697
    0.0040228765
    0.0062950686
    0.0086191950
    0.0110444804
    0.0162264035
   -0.0042459262
   -0.0019539838
    0.0006915950
    0.0036313261
    0.0069742893
   -0.0102554347
   -0.0073719660
   -0.0040917291
   -0.0002889073
    0.0043309717
   -0.0017883537
   -0.0069893468
   -0.0110068785
   -0.0136167352
    0.0060899581
   -0.0007208342
   -0.0067630484
   -0.0116903669
   -0.0153255610
   -0.0176025762
   -0.0185414202
    0.0063364133
   -0.0009578912
   -0.0074244754
   -0.0127493447
   -0.0167993247
   -0.0195622100
   -0.0211323207
   -0.0217287268
    0.0040247910
   -0.0032749123
   -0.0096384062
   -0.0148101190
   -0.0187116579
   -0.0213857737
   -0.0229764230
   -0.0237088288
   -0.0238193945
    0.0042402153
   -0.0032756272
   -0.0099307072
   -0.0153524248
   -0.0194275467
   -0.0222086279
   -0.0238596584
   -0.0245904626
   -0.0245563091
   -0.0237807583
   -0.0181703595
   -0.0160292499
   -0.0133799069
   -0.0099286315
   -0.0056073483
   -0.0004598212
    0.0053890011
    0.0080021299
    0.0033234721
   -0.0037404990
   -0.0102287925
   -0.0155845791
   -0.0196082086
   -0.0223238786
   -0.0238804134
   -0.0244542757
   -0.0241763421
   -0.0231506359
   -0.0215334313
   -0.0194529492
   -0.0168210642
   -0.0134178453
   -0.0091038400
   -0.0038957019
    0.0019927073
    0.0040516976
    0.0037881899
   -0.0024247332
   -0.0090635719
   -0.0148249591
   -0.0191161651
   -0.0218283870
   -0.0230964889
   -0.0231122290
   -0.0220449966
   -0.0200093210
   -0.0169770153
   -0.0128244799
   -0.0075698151
   -0.0016068322
   -0.0006651936
    0.0005213322
   -0.0026259119
   -0.0083583352
   -0.0141310843
   -0.0183598178
   -0.0205414974
   -0.0207326862
   -0.0191122799
   -0.0157895976
   -0.0109334895
   -0.0052876107
   -0.0063905769
   -0.0102668335
   -0.0155567516
   -0.0172031000
   -0.0143406657
   -0.0089166843
   -0.0123745664
   -0.0019019452
   -0.0019655874
   -0.0041388243
   -0.0035775721
   -0.0033625536
   -0.0075245496
   -0.0062454090
   -0.0055904724
   -0.0104008331
   -0.0089385362
   -0.0043409656
   -0.0031497995
   -0.0024629644
   -0.0021974448
   -0.0060460894
   -0.0048630684
   -0.0044835684
   -0.0084293615
   -0.0082682189
    0.0061177591
    0.0051767514
    0.0062795256
    0.0071130074
    0.0049611206
    0.0059986330
    0.0069591479
    0.0077326278
    0.0050862259
    0.0060920751
    0.0083954992
    0.0092585560
    0.0069628559
    0.0081303845
    0.0092242729
    0.0060347978
    0.0075115534
    0.0089704307
    0.0062656574
    0.0083245432
    0.0089388687
    0.0081617393
    0.0069496890
    0.0095473332
    0.0087337106
    0.0074414588
    0.0058705780
    0.0101159387
    0.0088281214
    0.0070036458
    0.0048847743
    0.0213632539
    0.0213885129
    0.0201310852
    0.0174380256
    0.0131099301
    0.0187980767
    0.0203843690
    0.0206585498
    0.0195685887
    0.0170141188
    0.0128384077
    0.0168339651
    0.0186327205
    0.0187918222
    0.0173016427
    0.0140775336
    0.0089655592
    0.0132950982
    0.0141840797
    0.0158713798
    0.0154714601
    0.0129903462
    0.0083625506
    0.0102895533
    0.0108341841
    0.0114727430
    0.0087849020
