   -0.0045708128     0.0024641341     0.0017288832
   -0.0017267376     0.0013431456     0.0041146739
   -0.0035651809     0.0000541837     0.0021233102
   -0.0030213693    -0.0003213240    -0.0001011242
   -0.0019698463    -0.0003059717    -0.0009334366
   -0.0022023766     0.0000379699    -0.0013006219
   -0.0045470963    -0.0001818480    -0.0009376081
   -0.0052319220    -0.0013148148     0.0019096634
   -0.0021089883    -0.0005816429     0.0000833978
   -0.0006467472    -0.0001303060     0.0013205856
   -0.0003349228    -0.0008726195     0.0019212912
   -0.0001339258    -0.0010203394    -0.0000474225
   -0.0011299022    -0.0001832165    -0.0016479556
   -0.0029458270    -0.0009109012    -0.0019218889
   -0.0023473682     0.0013787929    -0.0005756660
   -0.0004967206    -0.0028044082     0.0008681632
    0.0000620292    -0.0003474760    -0.0013539173
   -0.0008305614     0.0002243669    -0.0018551657
   -0.0014230748    -0.0004124442    -0.0021220132
   -0.0015067223    -0.0016313452    -0.0025516856
   -0.0007588396    -0.0030845295    -0.0030249775
    0.0007053882    -0.0039064327    -0.0031270178
    0.0019074842    -0.0037174022    -0.0024495204
    0.0022700460    -0.0035288741    -0.0007248120
    0.0004847186    -0.0011606469    -0.0014994481
   -0.0000171319     0.0007665676    -0.0015094919
   -0.0008202414     0.0008493646    -0.0009704757
   -0.0011567423     0.0003352063    -0.0002648733
   -0.0009800588    -0.0001540890    -0.0000100235
   -0.0008592201    -0.0004439835    -0.0005471158
   -0.0010066485    -0.0011646108    -0.0012509239
   -0.0007907317    -0.0025837923    -0.0013364320
    0.0001283187    -0.0057488340     0.0001739402
    0.0009590520    -0.0002739727    -0.0023549981
   -0.0003973868     0.0015590927    -0.0011716050
   -0.0025026249     0.0004009663     0.0002516342
    0.0007832323    -0.0013589118     0.0004792801
   -0.0006241191    -0.0022482726    -0.0009916018
    0.0017803445    -0.0002087905    -0.0052575469
    0.0007755824     0.0023608373    -0.0021237452
   -0.0034685348     0.0018599456    -0.0011197215
    0.0017886547    -0.0009177160    -0.0024098194
    0.0082626322     0.0057279402    -0.0086929025
    0.0047339773     0.0042223905    -0.0048670787
    0.0011182935     0.0049918382    -0.0025238536
    0.0086486447     0.0107821297    -0.0035059447
    0.0018449550     0.0093592633    -0.0031050128
   -0.0009340980     0.0006735917     0.0045790136
    0.0013372385     0.0001581698     0.0040755993
    0.0028696427     0.0001167401     0.0035741280
    0.0027333069    -0.0005875456     0.0033239244
    0.0021032027     0.0001331080     0.0033282640
    0.0020551214     0.0008943866     0.0026283454
    0.0039148342     0.0006269548     0.0027930570
    0.0026968158    -0.0032123570     0.0023995354
    0.0026989701    -0.0018138880     0.0049635461
    0.0025445924     0.0006569751     0.0044962931
    0.0027583176     0.0024750412     0.0038565490
    0.0021666251     0.0006219235     0.0026172735
    0.0042414637     0.0016774426     0.0029916424
   -0.0068381049     0.0003365295    -0.0040252283
    0.0033307922     0.0011478336     0.0038555761
    0.0038030991     0.0013026988     0.0052068574
    0.0030723009     0.0042284734     0.0055620708
   -0.0068468326    -0.0022282411    -0.0088416538
   -0.0023285909    -0.0013375531    -0.0103781969
    0.0073474449     0.0005197209     0.0043212576
    0.0089198709     0.0032479374     0.0085901053
    0.0057663788     0.0091183453     0.0122857758
   -0.0044004571     0.0113257259     0.0117646345
   -0.0139725496     0.0041254914     0.0047198528
    0.0084399635    -0.0035254020    -0.0022687120
    0.0168698645    -0.0022588117     0.0043299988
   -0.0028746082    -0.0020164885    -0.0063926628
   -0.0071306891     0.0059367302    -0.0078560782
   -0.0085202765     0.0004729995    -0.0078979307
   -0.0068375067    -0.0042637857    -0.0089390852
   -0.0018815169    -0.0088333617    -0.0078834846
   -0.0170732291     0.0005870369     0.0040750274
   -0.0103087376    -0.0114702477    -0.0038720718
    0.0010346915    -0.0150615035    -0.0089538879
    0.0104751554    -0.0105996552    -0.0121091575
    0.0139937940    -0.0013683634    -0.0144391260
   -0.0195431774    -0.0026238721     0.0030515050
   -0.0081440882    -0.0153327091     0.0005900671
    0.0049861896    -0.0180405156    -0.0010843551
    0.0152725315    -0.0131845188    -0.0026125101
    0.0200686323    -0.0043463215    -0.0043509556
    0.0191596668     0.0043892481    -0.0065926924
   -0.0160096810    -0.0093642441     0.0024509621
   -0.0016564133    -0.0168989561     0.0057167663
    0.0110658352    -0.0146380954     0.0069068920
    0.0185973088    -0.0065684829     0.0064578872
    0.0200306408     0.0028609023     0.0048791836
    0.0168214582     0.0104802926     0.0029418299
    0.0108902264     0.0157582636     0.0009538908
    0.0037587686     0.0196359325    -0.0023956290
   -0.0017917935     0.0209420037    -0.0057899330
   -0.0074997424     0.0177857077    -0.0048383443
   -0.0135195166     0.0111377320    -0.0040313850
   -0.0157664942     0.0019037246    -0.0045032424
   -0.0114895923    -0.0082723400    -0.0053753507
    0.0015322665    -0.0163221638    -0.0068670147
   -0.0171774123    -0.0079424245    -0.0007145606
   -0.0043741708    -0.0143841877     0.0082464995
    0.0074264814    -0.0117567515     0.0124880234
    0.0141458407    -0.0038061517     0.0136001192
    0.0150033048     0.0051838354     0.0129207007
    0.0113744435     0.0126122867     0.0116280139
    0.0048431081     0.0175120499     0.0102354924
   -0.0032868328     0.0186084208     0.0091425636
   -0.0115761413     0.0143772793     0.0083200122
   -0.0167937218     0.0048137266     0.0064246910
   -0.0149250224    -0.0076357484     0.0022199304
   -0.0036472291    -0.0178522021    -0.0061566183
   -0.0119211275    -0.0117724036     0.0017953248
   -0.0017898001    -0.0119907959     0.0117403321
    0.0059180151    -0.0060655444     0.0165079219
    0.0077053271     0.0020414052     0.0181086199
    0.0038372539     0.0083427160     0.0183296310
   -0.0037474950     0.0098212573     0.0177479800
   -0.0113770661     0.0043625343     0.0154545972
   -0.0137177673    -0.0066500029     0.0095008262
   -0.0081120215    -0.0166882237    -0.0022069306
   -0.0099747469    -0.0145865073    -0.0054760439
   -0.0089492709    -0.0129785319     0.0043249093
   -0.0017389598    -0.0085603281     0.0149555685
   -0.0018012973    -0.0022464389     0.0185679166
   -0.0082227394    -0.0048835097     0.0156684180
   -0.0094696103    -0.0141358473     0.0040594911
   -0.0071529679    -0.0112800996     0.0103389840
   -0.0015886005     0.0019935795     0.0024524244
   -0.0025963818     0.0003998316     0.0034025711
   -0.0017004651    -0.0020121612     0.0027324040
   -0.0025839153     0.0046377056    -0.0002970343
   -0.0049540435     0.0029845079     0.0010944530
   -0.0054027855    -0.0006804327     0.0015114553
   -0.0029938484    -0.0033919551     0.0009384799
   -0.0000984152     0.0050811745    -0.0074134918
   -0.0024150193     0.0056992272    -0.0048901101
   -0.0053884657     0.0035562643    -0.0034550538
   -0.0060609505    -0.0002666726    -0.0026876657
   -0.0038553814    -0.0032510382    -0.0023044975
   -0.0006697158    -0.0034514021    -0.0021739596
    0.0031491550     0.0053622208    -0.0109123992
   -0.0014760175     0.0040448490    -0.0083699026
   -0.0031538148     0.0005058254    -0.0069469084
   -0.0013810624    -0.0020988094    -0.0055384430
    0.0099334957     0.0057585785    -0.0133507376
    0.0036811710     0.0035773174    -0.0101550357
    0.0022196573     0.0010492697    -0.0079635324
   -0.0003888238    -0.0019034505     0.0020492335
   -0.0039207945     0.0002500105    -0.0001225842
   -0.0035351599    -0.0026914072     0.0005047818
   -0.0012361255    -0.0045248453     0.0007398967
    0.0013954851    -0.0042351865     0.0006818250
    0.0026338221    -0.0025587445     0.0002837598
   -0.0035581091     0.0032971852    -0.0022675363
   -0.0049486064    -0.0006111600    -0.0025077440
   -0.0030901613    -0.0042077773    -0.0029869457
    0.0005429224    -0.0051293303    -0.0032514837
    0.0032219212    -0.0031620292    -0.0033489538
    0.0030854863    -0.0002747083    -0.0038288024
   -0.0027228542     0.0065521350    -0.0042050798
   -0.0043531770     0.0019035593    -0.0055550172
   -0.0023208074    -0.0015474900    -0.0067992827
    0.0010352756    -0.0013500086    -0.0072112028
    0.0019928574     0.0020930586    -0.0071929698
   -0.0013886640     0.0067202254    -0.0086232122
   -0.0009927718     0.0118321862    -0.0055400928
   -0.0024903436     0.0057508701    -0.0076118427
   -0.0006261568     0.0053023732    -0.0086067802
   -0.0022210687     0.0120898635    -0.0083199067
   -0.0014814539     0.0137018999    -0.0069138483
   -0.0019813925     0.0002255574     0.0078599068
   -0.0002502061     0.0030138647     0.0066649448
   -0.0039228967     0.0027823217     0.0049597531
   -0.0054656998     0.0003912822     0.0047726240
   -0.0039229598    -0.0030810183     0.0063745544
    0.0004968206    -0.0037076978     0.0077352615
    0.0025411432    -0.0000582456     0.0078047440
    0.0034697696     0.0025006374     0.0050407668
   -0.0002144340     0.0036065685     0.0045998121
   -0.0061580503    -0.0006594190     0.0008802788
   -0.0056061739    -0.0037729946     0.0021518507
   -0.0027303149    -0.0065047950     0.0033694630
    0.0015275052    -0.0068555964     0.0042583724
    0.0049005839    -0.0043797816     0.0047566614
    0.0055745089    -0.0005636766     0.0049750639
   -0.0030121090    -0.0057170062    -0.0010720753
   -0.0000154837    -0.0069730767    -0.0006649057
    0.0032287635    -0.0063699541    -0.0001779810
    0.0053885049    -0.0041918198     0.0004703418
    0.0057531249    -0.0015526818     0.0015377634
    0.0030667083     0.0020338470     0.0045125433
    0.0018499608    -0.0053316689     0.0030680968
    0.0036929009    -0.0035948564     0.0048003722
    0.0044952240    -0.0003446209     0.0052774095
    0.0052854392     0.0023237743     0.0034907762
    0.0028469804    -0.0066562789     0.0018736014
    0.0060607866    -0.0044604021     0.0029239048
    0.0070548590    -0.0006344510     0.0034135245
    0.0070097935     0.0017053669     0.0006609163
    0.0053858463     0.0023226671     0.0024855772
    0.0002677337    -0.0070240285    -0.0017736860
    0.0037893374    -0.0070433625    -0.0013548939
    0.0070114405    -0.0047830531    -0.0008743739
    0.0081571860    -0.0011696591    -0.0002798834
    0.0068441734    -0.0001099733    -0.0024577690
    0.0011740046    -0.0062757031    -0.0051281157
    0.0047537412    -0.0050592731    -0.0050053065
    0.0066493663    -0.0021496342    -0.0042713214
    0.0056404072    -0.0050438652    -0.0053790296
   -0.0037793923    -0.0034491574    -0.0083264062
   -0.0002945641    -0.0046077512    -0.0079256937
    0.0025630692    -0.0039665425    -0.0072555457
   -0.0012257162    -0.0005104236     0.0068093618
    0.0008431389     0.0018319341     0.0073358532
   -0.0030227525     0.0017221423     0.0071164415
   -0.0045179677    -0.0008829693     0.0054202413
    0.0020681074    -0.0002096146     0.0061623910
    0.0040835243     0.0018276461     0.0050035270
    0.0019351723     0.0046170156     0.0060831308
   -0.0023585733     0.0054522061     0.0060194943
   -0.0059209885     0.0032976910     0.0047589400
   -0.0067566549     0.0001147255     0.0031618250
    0.0045238674     0.0012183213     0.0028808436
    0.0039064334     0.0042302682     0.0036219653
    0.0005364443     0.0069085834     0.0036445368
   -0.0040617041     0.0068740783     0.0026671011
   -0.0072858240     0.0042510306     0.0010050235
   -0.0078401952     0.0011776363    -0.0005525709
    0.0040228827     0.0032573671     0.0036308505
    0.0012481591     0.0062060698     0.0027969229
   -0.0031859515     0.0069437316     0.0010207577
   -0.0069642062     0.0049008958    -0.0014782477
   -0.0082998489     0.0017316005    -0.0042248771
   -0.0097078657     0.0037655334    -0.0007371011
    0.0178053955     0.0064369815     0.0086466156
    0.0107262320     0.0157412841     0.0097053356
   -0.0015458248     0.0183226033     0.0091849445
   -0.0137290017     0.0112507661     0.0070959060
    0.0208463577     0.0050018904    -0.0012411859
    0.0159957178     0.0158657897    -0.0005246642
    0.0053330528     0.0217153682    -0.0000476431
   -0.0073545862     0.0198470100     0.0004378988
   -0.0173385206     0.0096456217     0.0012100584
    0.0179092545    -0.0066920898    -0.0027055514
    0.0182164128     0.0046017605    -0.0113299667
    0.0119849583     0.0156929713    -0.0114586646
   -0.0002695874     0.0197669266    -0.0104320646
   -0.0129461378     0.0144426644    -0.0078991634
   -0.0201134690     0.0008764651    -0.0030625043
    0.0016641558    -0.0175453060    -0.0075564692
    0.0149835225    -0.0084744350    -0.0101608948
    0.0103048436     0.0025543898    -0.0189033992
    0.0021965184     0.0108017945    -0.0190847963
   -0.0098302204     0.0094371255    -0.0161061352
   -0.0180247241    -0.0011421158    -0.0095035082
    0.0085253530    -0.0099151699    -0.0154475149
   -0.0023121557    -0.0014777484    -0.0206304111
   -0.0121266262    -0.0041777128    -0.0158362303
   -0.0001126410    -0.0114009651    -0.0167679975
   -0.0087245095    -0.0132065535    -0.0132050453
   -0.0028851076     0.0011652436     0.0012356862
   -0.0012812167     0.0010290288     0.0025200426
   -0.0023564815     0.0002847957     0.0012645620
   -0.0022861929    -0.0000722117    -0.0001025671
   -0.0018490109    -0.0000868906    -0.0008217977
   -0.0020197476     0.0000802949    -0.0009674327
   -0.0031337445    -0.0001821296    -0.0003843776
   -0.0029561111    -0.0007208327     0.0008391435
   -0.0017696070    -0.0006682851    -0.0004513441
   -0.0008293279    -0.0005312174    -0.0006323912
   -0.0004304166    -0.0004502671    -0.0007224704
   -0.0005779256    -0.0002402392    -0.0011961592
   -0.0013823313    -0.0000876443    -0.0014601263
   -0.0025088505    -0.0008279302    -0.0011393079
   -0.0025433582    -0.0004800679    -0.0004470216
   -0.0010677041     0.0000227706    -0.0002447904
   -0.0007535336     0.0001543784     0.0007892425
   -0.0006307380    -0.0005828948     0.0009835429
   -0.0000650974    -0.0008724409    -0.0001000756
    0.0000479187    -0.0002473872    -0.0011916160
   -0.0005555314     0.0001618249    -0.0016266707
   -0.0012793975    -0.0002114593    -0.0016950053
   -0.0016618703    -0.0012588879    -0.0016830753
   -0.0013405315    -0.0026882278    -0.0016131841
    0.0026263518    -0.0021515820     0.0002106481
   -0.0028767679     0.0001656281    -0.0020535773
   -0.0012826675     0.0014997748    -0.0011203939
   -0.0004254122    -0.0016111236    -0.0000959019
    0.0004305185    -0.0003274924    -0.0011565834
    0.0001171287     0.0005184683    -0.0014954576
   -0.0004192950     0.0006366439    -0.0015284756
   -0.0008082646     0.0003555251    -0.0015275905
   -0.0009832105    -0.0001472975    -0.0015901855
   -0.0008948750    -0.0007670496    -0.0017217297
   -0.0005720348    -0.0013643767    -0.0018090032
   -0.0001263898    -0.0018484099    -0.0016602913
    0.0003418321    -0.0022685203    -0.0011182888
    0.0008950020    -0.0029041399     0.0001394116
   -0.0006402546     0.0017548050    -0.0048083012
   -0.0000002958    -0.0014965143    -0.0012750064
    0.0007228585     0.0002617792    -0.0014226430
    0.0002226170     0.0010799593    -0.0012733522
   -0.0004111686     0.0011146662    -0.0009484697
   -0.0008066602     0.0007684326    -0.0005712016
   -0.0008789923     0.0003538775    -0.0003558202
   -0.0008349921     0.0000618057    -0.0004728450
   -0.0009219486    -0.0002996486    -0.0008071961
   -0.0009773724    -0.0010277513    -0.0010450540
   -0.0006778139    -0.0022252989    -0.0009070081
    0.0029529654     0.0008566332    -0.0096451064
    0.0005709993    -0.0008970418    -0.0023642476
    0.0010198370     0.0008736911    -0.0015597907
    0.0001026274     0.0015898088    -0.0009932392
   -0.0010162796     0.0011310755    -0.0003747067
   -0.0015072607    -0.0001366001     0.0003033686
   -0.0000453203    -0.0006730777     0.0000781539
   -0.0006382277    -0.0008150760    -0.0006238259
   -0.0008977270    -0.0021520873    -0.0011784577
    0.0015997613     0.0002578925    -0.0036421381
    0.0016336273     0.0015476885    -0.0019277977
    0.0002211145     0.0022666729    -0.0010843349
   -0.0017693559     0.0014043835    -0.0006869198
    0.0006522323    -0.0006738913    -0.0012463947
   -0.0008091214    -0.0012169831    -0.0021326502
    0.0109183810     0.0040629146    -0.0071215418
    0.0061064942     0.0033058407    -0.0056566907
    0.0040916011     0.0026960272    -0.0035768867
    0.0025432163     0.0031965636    -0.0018813846
    0.0001412081     0.0034888253    -0.0013061405
   -0.0005259235     0.0009702374    -0.0036450879
    0.0103882967     0.0066638343    -0.0022789804
    0.0056546107     0.0058284615    -0.0015833168
    0.0021798214     0.0057242894    -0.0012532598
    0.0034686766     0.0093353872    -0.0004193159
    0.0018009643     0.0145163358     0.0003171856
   -0.0008283715     0.0007374773     0.0028750629
    0.0000418190    -0.0001068749     0.0035404363
   -0.0017550438    -0.0003619143     0.0034725446
    0.0005757912     0.0003134486     0.0027178925
    0.0013123034     0.0001033245     0.0025859824
    0.0018418237    -0.0000160305     0.0023519686
    0.0012284790     0.0000442695     0.0022615604
    0.0013960531     0.0002606781     0.0019069817
    0.0020314702     0.0004239778     0.0024158833
   -0.0042077503    -0.0005760146     0.0008784501
    0.0016447944    -0.0008050460     0.0021940876
    0.0014511610    -0.0000010835     0.0022049035
    0.0014850134     0.0005768159     0.0020846569
    0.0015308150     0.0003603223     0.0017914255
    0.0024162749     0.0010049348     0.0023294118
    0.0016297889    -0.0025638495     0.0019599543
    0.0021642370     0.0001734424     0.0029642452
    0.0025283758     0.0011561247     0.0025212656
    0.0016881447     0.0005539197     0.0021688332
    0.0019418197     0.0005894474     0.0024823002
    0.0022377747     0.0019673387     0.0028406757
   -0.0046816061    -0.0002380121    -0.0036421480
   -0.0024575970    -0.0000713632    -0.0042287434
    0.0006730734    -0.0040619113     0.0005885496
    0.0029450382     0.0006849296     0.0025197582
    0.0030667692     0.0009150765     0.0035789455
    0.0027311418     0.0024787105     0.0044594336
    0.0007776144     0.0043646287     0.0043794575
   -0.0027191473     0.0049255966     0.0027979124
   -0.0064751806    -0.0006575451    -0.0032931698
   -0.0040355250    -0.0030691809    -0.0060191819
   -0.0007707347    -0.0026597249    -0.0076383392
    0.0010759668     0.0007583608    -0.0080445692
    0.0052416422     0.0002034699     0.0023081282
    0.0063550973     0.0017442561     0.0045739965
    0.0058415915     0.0053096338     0.0067997905
    0.0016146556     0.0085770339     0.0079113568
   -0.0052339668     0.0078238949     0.0063899917
   -0.0098898618     0.0018888051     0.0021334999
    0.0056258271    -0.0021420914    -0.0015379707
    0.0090539028    -0.0013547686     0.0012665317
   -0.0015451755    -0.0003256707    -0.0036513974
   -0.0017651895    -0.0025980828    -0.0042581927
    0.0063451452    -0.0065270812    -0.0033928265
   -0.0030365839     0.0041274375    -0.0052046021
   -0.0047432367     0.0011401232    -0.0045303979
   -0.0043311124    -0.0016668876    -0.0051236777
   -0.0024039980    -0.0036681161    -0.0055703204
    0.0006629964    -0.0051700600    -0.0048203432
   -0.0086280906     0.0076686415    -0.0027692008
   -0.0098574153     0.0023513050    -0.0030050357
   -0.0088344684    -0.0030950328    -0.0036871774
   -0.0114696972     0.0020812593     0.0028361618
   -0.0086823888    -0.0060165391    -0.0012869537
   -0.0025017640    -0.0102812129    -0.0042906742
    0.0041488396    -0.0101817650    -0.0064146069
    0.0090131783    -0.0065522654    -0.0079606476
    0.0107269113    -0.0008478725    -0.0095211889
   -0.0118814086    -0.0028845353     0.0011245780
   -0.0054975093    -0.0101952194    -0.0000642522
    0.0022854498    -0.0124537104    -0.0009893153
    0.0090684728    -0.0104527787    -0.0018587742
    0.0133019199    -0.0056836868    -0.0028353911
    0.0144200792    -0.0000242343    -0.0040999489
    0.0129039923     0.0046164638    -0.0057295406
   -0.0117899183    -0.0043340687     0.0006959214
   -0.0043472526    -0.0108320150     0.0024511270
    0.0037501968    -0.0120559522     0.0033655993
    0.0103069052    -0.0092290336     0.0035459819
    0.0140825369    -0.0040770383     0.0030937301
    0.0148656059     0.0015544985     0.0022052353
    0.0132667131     0.0063114136     0.0012547161
    0.0100037666     0.0098879984     0.0005302630
    0.0020386368    -0.0097636924    -0.0050223520
   -0.0125686749    -0.0032822495    -0.0014973684
   -0.0056543040    -0.0096335694     0.0035725341
    0.0023107655    -0.0106720380     0.0065360280
    0.0086881674    -0.0075901779     0.0079051081
    0.0121308857    -0.0022811084     0.0080966219
    0.0125104276     0.0033860122     0.0075797600
    0.0104503861     0.0082585496     0.0067827726
    0.0066870990     0.0119601459     0.0057615374
    0.0020592610     0.0141754604     0.0043476509
   -0.0025837882     0.0142401949     0.0032894941
   -0.0071819609     0.0117656109     0.0029955694
   -0.0107950552     0.0069038867     0.0024455046
   -0.0117147194     0.0003732034     0.0011309320
   -0.0086523451    -0.0063716544    -0.0011517616
   -0.0011145557    -0.0110001460    -0.0049420115
   -0.0101590348    -0.0063249977    -0.0010202583
   -0.0036305725    -0.0094560449     0.0056473158
    0.0032084222    -0.0080229480     0.0095008089
    0.0076086080    -0.0034239535     0.0112436946
    0.0086450933     0.0021768495     0.0116475170
    0.0066780861     0.0070861720     0.0113866542
    0.0025487621     0.0102424690     0.0108078959
   -0.0027244024     0.0106987116     0.0100653014
   -0.0078429565     0.0077633679     0.0090019718
   -0.0108569119     0.0017349239     0.0069215409
   -0.0098064706    -0.0056097787     0.0030638044
   -0.0042404026    -0.0110187088    -0.0033704492
   -0.0091648306    -0.0070199220    -0.0041883966
   -0.0053285651    -0.0087848187     0.0045497476
    0.0005242320    -0.0069156232     0.0102618772
    0.0036499729    -0.0020364025     0.0129934060
    0.0025398324     0.0027718445     0.0138534808
   -0.0018029546     0.0047046874     0.0135387044
   -0.0067789936     0.0020372277     0.0117680713
   -0.0088222892    -0.0044021639     0.0074636903
   -0.0063317506    -0.0101750896    -0.0002126400
   -0.0067004902    -0.0095585942    -0.0011043436
   -0.0057181210    -0.0087755094     0.0040991663
   -0.0018481687    -0.0060162727     0.0105199304
   -0.0020554627    -0.0023777206     0.0127770675
   -0.0057202919    -0.0039108227     0.0106115211
   -0.0066452206    -0.0088775677     0.0037538057
   -0.0050672112    -0.0074383155     0.0075825584
   -0.0009292596     0.0002410411     0.0010379283
   -0.0007944505    -0.0006392162     0.0010681773
   -0.0015723583     0.0018865015    -0.0001533910
   -0.0023514564     0.0010810899     0.0006036465
   -0.0023348952    -0.0004775689     0.0007843568
   -0.0011931280    -0.0015914034     0.0003549525
   -0.0005766017     0.0025067508    -0.0038356686
   -0.0016859267     0.0027821249    -0.0023927062
   -0.0029716037     0.0016599922    -0.0014965300
   -0.0031420590    -0.0002190150    -0.0010705371
   -0.0019437663    -0.0016624507    -0.0010113702
    0.0025083430     0.0021103126    -0.0078525382
    0.0003725544     0.0028979623    -0.0054992217
   -0.0015860909     0.0019960384    -0.0042932260
   -0.0021601059     0.0002173724    -0.0035532796
   -0.0012038357    -0.0011584497    -0.0029863796
    0.0058040210     0.0025715139    -0.0083454796
    0.0022591973     0.0023600165    -0.0065049455
    0.0007827145     0.0010443270    -0.0054001891
    0.0010874694     0.0001109800    -0.0043341336
    0.0087603072     0.0037159953    -0.0072922788
    0.0050642967     0.0027836036    -0.0057767784
   -0.0014100918    -0.0008860787     0.0005668680
   -0.0005013866    -0.0013933319     0.0006751687
   -0.0024985222    -0.0002504339    -0.0006965088
   -0.0017195808    -0.0019133768    -0.0006889285
   -0.0002520650    -0.0025110251    -0.0007421777
    0.0009526463    -0.0019827987    -0.0008633452
    0.0011743803    -0.0009877086    -0.0011654133
   -0.0025214358     0.0018736992    -0.0020810381
   -0.0024511677    -0.0004326956    -0.0025652724
   -0.0010823397    -0.0017637460    -0.0029179811
    0.0005117269    -0.0016014046    -0.0030808409
    0.0011741815    -0.0002906363    -0.0032009242
    0.0002588955     0.0012457153    -0.0037167939
   -0.0013558365     0.0052174288    -0.0027665086
   -0.0021268863     0.0024649422    -0.0038373219
   -0.0011796479     0.0009727978    -0.0045621988
   -0.0000513295     0.0015018122    -0.0047813957
   -0.0005355436     0.0037318460    -0.0048253100
   -0.0012904270     0.0064319422    -0.0039349932
   -0.0012161502     0.0061874323    -0.0046463057
   -0.0033337196     0.0116778831    -0.0037532790
   -0.0010859032     0.0127347556    -0.0022799369
   -0.0014914511    -0.0000234713     0.0046767546
   -0.0005575653     0.0014572070     0.0042068356
   -0.0026115346     0.0013535579     0.0030183702
   -0.0033993327     0.0001023736     0.0027976880
   -0.0025301509    -0.0017772966     0.0038086723
   -0.0000912864    -0.0021767071     0.0047553663
    0.0010381611    -0.0002242007     0.0049040903
    0.0018590533     0.0011110276     0.0036298813
   -0.0001183479     0.0018419045     0.0033223689
   -0.0038182263    -0.0010930309     0.0008095535
   -0.0031098709    -0.0027934477     0.0017006297
   -0.0013010341    -0.0040051516     0.0024957171
    0.0009695138    -0.0039364686     0.0030751338
    0.0026385227    -0.0025458423     0.0034232657
    0.0029464982    -0.0005551978     0.0036013076
   -0.0026068677    -0.0029689831    -0.0005465055
   -0.0012572253    -0.0041071716    -0.0001092408
    0.0005546505    -0.0044499101     0.0002894544
    0.0022492126    -0.0038643821     0.0006724037
    0.0032912454    -0.0026033185     0.0011112197
    0.0034454072    -0.0011337065     0.0017146061
    0.0022528458    -0.0020237250     0.0028924910
    0.0025391258    -0.0004201581     0.0032102980
    0.0031626302     0.0008622449     0.0026041527
    0.0020694460    -0.0037578427     0.0015616267
    0.0034869436    -0.0024689611     0.0022586420
    0.0039050481    -0.0006083241     0.0025787782
    0.0044036034     0.0006634895     0.0013453054
    0.0006294235    -0.0045165766    -0.0005240640
    0.0026928651    -0.0042415963     0.0000124253
    0.0043645614    -0.0028759700     0.0004766677
    0.0049572086    -0.0009265408     0.0008813729
    0.0048945240    -0.0001173750    -0.0005380967
    0.0000508004    -0.0041667525    -0.0023925061
    0.0021070775    -0.0042361306    -0.0022012961
    0.0039419842    -0.0031596538    -0.0019071354
    0.0048540878    -0.0014749221    -0.0014104890
    0.0045493764    -0.0019543636    -0.0024773150
   -0.0001513238    -0.0035414035    -0.0042395227
    0.0018450614    -0.0033162741    -0.0040636374
    0.0033002906    -0.0024390774    -0.0035583876
   -0.0022802158    -0.0031969432    -0.0055208235
    0.0000495243    -0.0041532412    -0.0051886302
   -0.0010866462    -0.0001462212     0.0040984325
    0.0000907765     0.0009877890     0.0045461831
   -0.0020539749     0.0008698411     0.0042755562
   -0.0029603516    -0.0004466406     0.0031734112
    0.0020758696     0.0009479339     0.0034729742
    0.0010706484     0.0023070893     0.0040929853
   -0.0010652578     0.0029694793     0.0041362148
   -0.0031888045     0.0022124291     0.0034519769
   -0.0041630330     0.0006252461     0.0023850376
    0.0023667050     0.0020562668     0.0028826590
    0.0009501671     0.0036291380     0.0031305498
   -0.0013965914     0.0042314348     0.0028069700
   -0.0036495616     0.0034558528     0.0019436469
   -0.0048651776     0.0018284173     0.0007933588
   -0.0048405331     0.0003144254    -0.0001921858
    0.0014628183     0.0034919907     0.0026701770
   -0.0008487351     0.0045353393     0.0020226767
   -0.0033950114     0.0040862296     0.0008149100
   -0.0050691711     0.0024352077    -0.0007747795
   -0.0053244586     0.0006394521    -0.0024282025
   -0.0023120250     0.0049295416     0.0026987973
   -0.0053681865     0.0032338305     0.0001966243
    0.0078628886     0.0087014516     0.0082681057
    0.0014080837     0.0114070543     0.0078711122
   -0.0060897482     0.0095660526     0.0063491186
    0.0140019997     0.0027558212     0.0018831666
    0.0116298623     0.0093757052     0.0026555119
    0.0057894904     0.0137295501     0.0029329907
   -0.0018760992     0.0141174586     0.0028574400
   -0.0090683926     0.0097164627     0.0024755772
    0.0139119356     0.0019519595    -0.0043781793
    0.0118990158     0.0090772216    -0.0041683626
    0.0061807729     0.0138398203    -0.0038520857
   -0.0014980191     0.0146271355    -0.0032976862
   -0.0088256996     0.0107221265    -0.0023474403
   -0.0132859098     0.0024108129    -0.0007233974
    0.0112944354    -0.0053593143    -0.0046594061
    0.0108599246     0.0009171453    -0.0099198834
    0.0084183496     0.0077285091    -0.0103561704
    0.0022880278     0.0115001387    -0.0099458211
   -0.0052131255     0.0107144589    -0.0085782025
   -0.0113229843     0.0051994134    -0.0059854363
    0.0082756971    -0.0064970984    -0.0085901670
    0.0052345584    -0.0004321893    -0.0134644950
    0.0013613004     0.0047445184    -0.0139249907
   -0.0053050552     0.0050391904    -0.0123187034
   -0.0108435948    -0.0000166613    -0.0084492831
    0.0036162281    -0.0075134459    -0.0107813770
   -0.0028087465    -0.0027435615    -0.0133474770
   -0.0085113569    -0.0046790061    -0.0097354725
   -0.0018116842    -0.0085963780    -0.0104770978
   -0.0012950033     0.0008984645     0.0021876173
   -0.0019334771     0.0005407404     0.0010333601
   -0.0022645437     0.0002602655     0.0008974168
    0.0000930458     0.0008513550     0.0025730296
   -0.0009773844     0.0006415226     0.0018959181
   -0.0016654221     0.0002856025     0.0010663773
   -0.0017531767     0.0000502990     0.0001831293
   -0.0015855125    -0.0000075715    -0.0003363391
   -0.0016761658     0.0000076847    -0.0004185242
   -0.0021628204    -0.0002237329     0.0000044378
   -0.0019897481    -0.0002768888     0.0005768064
   -0.0015157070    -0.0003583128    -0.0002853522
   -0.0010142169    -0.0003252317    -0.0006431568
   -0.0007802500    -0.0002389223    -0.0008017930
   -0.0009009803    -0.0001373758    -0.0009307154
   -0.0013645034    -0.0001873749    -0.0008713834
   -0.0019334482    -0.0007212614    -0.0004677806
   -0.0021095512    -0.0018440947     0.0002821926
   -0.0022197125    -0.0003929440     0.0000766042
   -0.0013044516    -0.0003728566    -0.0005002578
   -0.0007145046    -0.0002775993    -0.0004750006
   -0.0004227047    -0.0003043374    -0.0003825192
   -0.0002583261    -0.0003550809    -0.0005797820
   -0.0002585873    -0.0002133317    -0.0009466104
   -0.0005490106    -0.0000431982    -0.0011710769
   -0.0010149461    -0.0001697420    -0.0011638251
   -0.0013961685    -0.0007187595    -0.0009983669
   -0.0014305040    -0.0016082412    -0.0007294266
   -0.0009093448    -0.0025603899    -0.0003812667
    0.0020644822    -0.0014315623     0.0009645531
    0.0017821363    -0.0007705215     0.0014495370
   -0.0013634638    -0.0000577996    -0.0009235428
   -0.0008303445     0.0002593079    -0.0004664516
   -0.0008258254     0.0001701002     0.0001059309
   -0.0007023169    -0.0003441458     0.0001763318
   -0.0002393543    -0.0005898419    -0.0003108131
    0.0000796874    -0.0002905877    -0.0008804204
   -0.0000361569     0.0001131571    -0.0011974007
   -0.0003989089     0.0002333784    -0.0012828716
   -0.0007483087     0.0000235858    -0.0012726368
   -0.0009381733    -0.0004305366    -0.0012433266
   -0.0008745995    -0.0010200887    -0.0012063921
   -0.0005187156    -0.0015794790    -0.0011425102
    0.0000367336    -0.0019264003    -0.0010129342
    0.0005906873    -0.0019952021    -0.0007653447
    0.0009884981    -0.0018894543    -0.0003393449
    0.0012465304    -0.0017499390     0.0003576896
   -0.0012122126     0.0002694777    -0.0021685836
   -0.0008988775     0.0010519795    -0.0013561850
   -0.0003390661    -0.0008496329    -0.0005578133
    0.0002927596    -0.0002728362    -0.0009947429
    0.0002872783     0.0003247068    -0.0011827667
   -0.0000267343     0.0005992369    -0.0011954273
   -0.0003644675     0.0005830405    -0.0011383352
   -0.0006133948     0.0003861337    -0.0010775969
   -0.0007374835     0.0000828501    -0.0010520951
   -0.0007339269    -0.0002709659    -0.0010756390
   -0.0006302913    -0.0006405691    -0.0011144780
   -0.0004501699    -0.0010226165    -0.0010895804
   -0.0001869528    -0.0014267068    -0.0009140357
    0.0001923360    -0.0018817747    -0.0004901438
   -0.0000024194     0.0010846653    -0.0036549613
    0.0000632800    -0.0006864631    -0.0012306369
    0.0005937738     0.0001487970    -0.0012273655
    0.0004243314     0.0007656224    -0.0011359863
   -0.0000007171     0.0009750432    -0.0009745073
   -0.0004006137     0.0008742191    -0.0007712984
   -0.0006468784     0.0006001154    -0.0005773746
   -0.0007128460     0.0002951460    -0.0004698688
   -0.0006919183     0.0000502146    -0.0005021862
   -0.0007035977    -0.0001929856    -0.0006434723
   -0.0007306246    -0.0005801446    -0.0007887789
   -0.0006281352    -0.0011912413    -0.0008236047
   -0.0002285668    -0.0021087579    -0.0006120612
    0.0025103506     0.0004726320    -0.0060464650
    0.0005467442    -0.0002517516    -0.0018548636
    0.0009088534     0.0005874724    -0.0013887613
    0.0005528635     0.0011831013    -0.0010567755
   -0.0000914536     0.0012806144    -0.0007650391
   -0.0006695777     0.0009176150    -0.0004647849
   -0.0009134484     0.0002883386    -0.0001871487
   -0.0007467521    -0.0002502964    -0.0000244255
   -0.0004377921    -0.0004190575    -0.0000562843
   -0.0003594170    -0.0003509167    -0.0002740093
   -0.0005492962    -0.0004541642    -0.0005855399
   -0.0007124306    -0.0009946065    -0.0008875803
   -0.0004997600    -0.0021671689    -0.0011041030
    0.0063996162     0.0002905933    -0.0067714158
    0.0013731281     0.0004915351    -0.0025828665
    0.0014517817     0.0010786128    -0.0016715057
    0.0009030590     0.0016505670    -0.0011096178
   -0.0000446399     0.0017153232    -0.0007856157
   -0.0009817657     0.0010993824    -0.0005887148
   -0.0014110475    -0.0000510661    -0.0004771697
    0.0000035180    -0.0004415390    -0.0008781396
   -0.0005833003    -0.0005562356    -0.0012822052
   -0.0009231153    -0.0015508851    -0.0018988543
    0.0070394623     0.0020705988    -0.0045250079
    0.0044126417     0.0020248803    -0.0037177072
    0.0031834637     0.0018429011    -0.0026238812
    0.0023592965     0.0021302599    -0.0016307042
    0.0012577651     0.0025009468    -0.0010482178
   -0.0001649979     0.0023576944    -0.0009076467
   -0.0014608175     0.0013296613    -0.0011453286
   -0.0003031777     0.0003205188    -0.0020495269
   -0.0015072647     0.0000004960    -0.0025964061
    0.0093598328     0.0036074180    -0.0017347365
    0.0059040986     0.0036336354    -0.0015543082
    0.0037524674     0.0036555739    -0.0010595720
    0.0019178186     0.0037686329    -0.0007927110
    0.0000455014     0.0034903496    -0.0010630520
   -0.0022905852     0.0023076692    -0.0031128583
    0.0056278934     0.0058711307     0.0004649563
    0.0026441441     0.0056301340    -0.0000843263
    0.0002393597     0.0051583657    -0.0010898103
   -0.0026465519     0.0053547024    -0.0029460143
    0.0037387694     0.0083964886     0.0016555844
    0.0007461088     0.0078417187    -0.0001499691
   -0.0022325139     0.0086557397    -0.0013566361
   -0.0002423574     0.0001381875     0.0023245191
   -0.0012558792     0.0000413202     0.0021135682
    0.0002489541     0.0003039211     0.0021217275
    0.0006570944     0.0001475475     0.0020334157
    0.0003853690     0.0003091263     0.0026912057
    0.0012263084     0.0000687140     0.0020223901
    0.0007979950     0.0000571380     0.0018514768
    0.0009823990     0.0001438099     0.0016642737
    0.0010733713     0.0003557834     0.0020267991
    0.0012569032    -0.0004646766     0.0015968163
    0.0010564000    -0.0000882198     0.0016469083
    0.0011355278     0.0001723952     0.0015508786
    0.0011504296     0.0003031079     0.0015707193
    0.0013667782     0.0006891128     0.0019535853
   -0.0027546435    -0.0001944618    -0.0003283101
    0.0013463709    -0.0013154180     0.0012112360
    0.0013733388    -0.0007471905     0.0016682020
    0.0012990665    -0.0001424742     0.0017074319
    0.0014923453     0.0002935886     0.0016685817
    0.0012688436     0.0003404382     0.0015653616
    0.0013583966     0.0005521659     0.0017504126
    0.0014487992     0.0013101824     0.0020905745
   -0.0026482959    -0.0001433273    -0.0017257478
    0.0015010667    -0.0019200174     0.0013975174
    0.0020148440    -0.0010773374     0.0019702257
    0.0019241347    -0.0001326132     0.0019514836
    0.0022798127     0.0004315705     0.0016609797
    0.0017734700     0.0004319902     0.0016892077
    0.0016973120     0.0005494977     0.0019806165
    0.0016603344     0.0011379188     0.0023426802
    0.0012071694     0.0021422155     0.0025121404
    0.0000100183     0.0031605583     0.0022601061
   -0.0033981402    -0.0005424160    -0.0026239768
   -0.0020075562    -0.0008997525    -0.0035101758
   -0.0008726529     0.0000055665    -0.0037051506
    0.0010100409    -0.0029028113     0.0004124941
    0.0026954231     0.0004074310     0.0016095492
    0.0027260588     0.0007217970     0.0023061408
    0.0026522702     0.0016588816     0.0030246083
    0.0018301665     0.0029422011     0.0034702808
    0.0000111473     0.0038831995     0.0033017559
   -0.0024000275     0.0036967547     0.0023070433
   -0.0043593557     0.0020605844     0.0005818874
   -0.0048028319    -0.0004154592    -0.0014953875
   -0.0034999496    -0.0024659522    -0.0034671147
   -0.0012474161    -0.0030730091    -0.0049653418
    0.0007689389    -0.0020050658    -0.0057980016
    0.0039691708     0.0000320438     0.0011616081
    0.0046390206     0.0009484504     0.0023556350
    0.0048685443     0.0029000300     0.0035905083
    0.0035773696     0.0053426843     0.0045939579
    0.0003403300     0.0068603866     0.0048359980
   -0.0038194265     0.0059033980     0.0038356381
   -0.0066939090     0.0022312948     0.0016425739
   -0.0005958688    -0.0022272402    -0.0017009761
    0.0040199329    -0.0015113686    -0.0010828760
    0.0056989669    -0.0008615997     0.0002437188
    0.0078836836     0.0012411335     0.0016844457
   -0.0014164228    -0.0010940864    -0.0025237871
   -0.0007506334    -0.0023103875    -0.0028768987
    0.0041858043    -0.0035094159    -0.0023133014
    0.0086186620    -0.0023014469    -0.0015969458
   -0.0027181260     0.0011087349    -0.0029680420
   -0.0028638355    -0.0005610719    -0.0030957094
   -0.0020223034    -0.0019794364    -0.0034457572
   -0.0005460232    -0.0028275574    -0.0035330895
    0.0013528103    -0.0033100970    -0.0030755577
   -0.0046383505     0.0045178278    -0.0024126915
   -0.0054484489     0.0019040271    -0.0023296660
   -0.0052058425    -0.0006606662    -0.0026546619
   -0.0038413267    -0.0030464157    -0.0030425177
   -0.0010582238    -0.0051944928    -0.0033947244
   -0.0047972606    -0.0046651199    -0.0025711363
   -0.0011055319    -0.0064275404    -0.0044925597
    0.0026034048    -0.0058737259    -0.0058978256
    0.0051803207    -0.0033794052    -0.0069432819
   -0.0083960305     0.0015159017     0.0012070438
   -0.0063096390    -0.0042505235    -0.0004131058
   -0.0021259620    -0.0075862942    -0.0016751946
    0.0025651309    -0.0082031957    -0.0026669590
    0.0064929385    -0.0064899704    -0.0035027455
    0.0088107753    -0.0032471330    -0.0043407639
    0.0091301897     0.0004984706    -0.0054980261
   -0.0071920025    -0.0038152860     0.0003300481
   -0.0026640930    -0.0077929371     0.0004865491
    0.0024507523    -0.0088163578     0.0004784339
    0.0068750266    -0.0073605285     0.0002704171
    0.0097881884    -0.0042709239    -0.0001638641
    0.0108904417    -0.0005781871    -0.0008232817
    0.0104148575     0.0027400291    -0.0015845379
   -0.0066243481    -0.0048259108     0.0006543010
   -0.0018870374    -0.0079167810     0.0022792339
    0.0030835514    -0.0082236980     0.0032588239
    0.0071610002    -0.0063277226     0.0036784594
    0.0096978985    -0.0030956980     0.0036350153
    0.0105387715     0.0005518409     0.0032757939
    0.0099092773     0.0039147793     0.0028126164
    0.0081337980     0.0067134261     0.0023992717
   -0.0045984975     0.0082263617    -0.0014667441
   -0.0039484244    -0.0049933321    -0.0028528016
    0.0009023960    -0.0067824066    -0.0039014681
   -0.0069154392    -0.0044888656     0.0000809987
   -0.0026273678    -0.0071862754     0.0031983825
    0.0020429533    -0.0072562889     0.0052153569
    0.0058337205    -0.0052139938     0.0063169210
    0.0080589854    -0.0019394113     0.0067133607
    0.0085738378     0.0016711417     0.0066460394
    0.0075894224     0.0049792184     0.0063296421
    0.0054417864     0.0076433613     0.0058302094
    0.0025521854     0.0094087517     0.0050829377
   -0.0005488730     0.0099640302     0.0042666068
   -0.0035800608     0.0090964892     0.0037502501
   -0.0063098904     0.0067846619     0.0033285565
   -0.0080398039     0.0032533127     0.0025665957
   -0.0080035937    -0.0009375473     0.0012672319
   -0.0057515084    -0.0048701966    -0.0007001795
   -0.0013767972    -0.0072748481    -0.0035508572
   -0.0072280020    -0.0038119267    -0.0022831997
   -0.0041515411    -0.0063314255     0.0025846456
    0.0001397408    -0.0064393571     0.0059437184
    0.0037120132    -0.0042803571     0.0079084603
    0.0055013614    -0.0008658491     0.0088140630
    0.0052913240     0.0026772370     0.0090393813
    0.0033936775     0.0054965590     0.0088569328
    0.0003757821     0.0069609133     0.0083993842
   -0.0030584734     0.0065727753     0.0077381435
   -0.0060540895     0.0041602313     0.0067180777
   -0.0075297133     0.0001604884     0.0049515542
   -0.0066208996    -0.0042322438     0.0020777990
   -0.0034325034    -0.0071864473    -0.0021466207
   -0.0032184395    -0.0068031053    -0.0048325464
   -0.0043185974    -0.0050533984    -0.0066553961
   -0.0059563914    -0.0049461454    -0.0035127994
   -0.0047068771    -0.0060860040     0.0017076329
   -0.0013549385    -0.0058062900     0.0060516493
    0.0014703843    -0.0034276581     0.0087008488
    0.0021330736    -0.0001804791     0.0099191883
    0.0005051620     0.0022687656     0.0101519952
   -0.0024879153     0.0026165398     0.0095761567
   -0.0052582372     0.0003651823     0.0079719371
   -0.0061178611    -0.0035414406     0.0048766294
   -0.0046974379    -0.0066809989     0.0001692335
   -0.0047331876    -0.0064991909    -0.0000107515
   -0.0039593206    -0.0061010580     0.0033259558
   -0.0015182062    -0.0042485667     0.0076183188
   -0.0017597500    -0.0018344328     0.0090988283
   -0.0041800596    -0.0028246929     0.0074535205
   -0.0048067859    -0.0059378872     0.0029198075
   -0.0036992697    -0.0050990312     0.0055592897
   -0.0011710514     0.0003967474     0.0000741872
   -0.0010603395    -0.0003486761     0.0001759425
   -0.0007874808     0.0013533602    -0.0018746172
   -0.0013817448     0.0011578618    -0.0011158268
   -0.0017213389     0.0003165067    -0.0006941899
   -0.0013514128    -0.0006126835    -0.0005970147
    0.0002570227     0.0015355263    -0.0036119361
   -0.0007826695     0.0013767961    -0.0027116184
   -0.0013553627     0.0005650890    -0.0021712535
   -0.0011566012    -0.0003465020    -0.0018489219
   -0.0003414163    -0.0007873407    -0.0016661957
    0.0036099369     0.0009792833    -0.0058574060
    0.0015435051     0.0014800901    -0.0044235259
    0.0003224026     0.0009408526    -0.0036281108
    0.0001575554     0.0001745538    -0.0030409315
    0.0044502839     0.0017298257    -0.0048089134
    0.0027265259     0.0013823535    -0.0039541930
   -0.0006636062    -0.0009049440    -0.0001533272
   -0.0001147701    -0.0009382709    -0.0002170829
   -0.0015855263     0.0001160997    -0.0010563126
   -0.0010477529    -0.0008677310    -0.0011659432
   -0.0002147038    -0.0011319774    -0.0012644534
    0.0003406696    -0.0007455145    -0.0013835500
   -0.0012452998     0.0024752874    -0.0016136510
   -0.0015093261     0.0008955896    -0.0020567729
   -0.0009029021    -0.0000260316    -0.0023770775
   -0.0001482701     0.0000246669    -0.0025386034
   -0.0000332482     0.0008526823    -0.0026598447
   -0.0011411361     0.0032649068    -0.0023629126
   -0.0009825965     0.0022462356    -0.0029346261
   -0.0007274081     0.0025902082    -0.0031078020
   -0.0016307045     0.0042267968    -0.0030592984
   -0.0006865528     0.0063856496    -0.0017292313
   -0.0013948033     0.0062520668    -0.0022283860
   -0.0011584241    -0.0001518413     0.0030517827
   -0.0006077465     0.0007089116     0.0029087672
   -0.0018651367     0.0006677330     0.0020660328
   -0.0023035137    -0.0000553055     0.0018407299
   -0.0017599336    -0.0011585974     0.0024833171
   -0.0003023413    -0.0014250456     0.0031578380
    0.0003753801    -0.0002983937     0.0033362481
    0.0009715875     0.0005200211     0.0027661413
   -0.0021258314    -0.0017876687     0.0012158400
   -0.0010140933    -0.0025483054     0.0018065540
    0.0003888498    -0.0025463263     0.0022585020
    0.0014356981    -0.0017338737     0.0025551709
    0.0016477113    -0.0005255436     0.0027284100
   -0.0009863290    -0.0027772755     0.0002324621
    0.0002170973    -0.0030357425     0.0005862819
    0.0013528475    -0.0026855290     0.0009070019
    0.0020701913    -0.0018780267     0.0012478911
    0.0022011799    -0.0008924180     0.0016697718
    0.0021885435    -0.0016726890     0.0016457837
    0.0024542003    -0.0005605200     0.0019158945
    0.0029471825     0.0002146785     0.0013779344
    0.0018555543    -0.0027926762     0.0003926208
    0.0028384356    -0.0019294244     0.0007923987
    0.0032123803    -0.0007622312     0.0010957074
    0.0035431948    -0.0001930073     0.0002739622
    0.0006591787    -0.0031016162    -0.0011091265
    0.0019455170    -0.0028938229    -0.0008416517
    0.0029807199    -0.0021267567    -0.0005545894
    0.0035022111    -0.0010891794    -0.0002108321
    0.0036627741    -0.0009941418    -0.0009893106
    0.0008581762    -0.0028076426    -0.0022720804
    0.0021342231    -0.0023962223    -0.0020558256
    0.0030212820    -0.0016314002    -0.0016705237
    0.0001967887    -0.0025675447    -0.0032800797
    0.0016193852    -0.0025497225    -0.0029700800
   -0.0002108806     0.0006454649     0.0031068911
   -0.0015339003     0.0005380117     0.0028294950
    0.0004164538     0.0014317245     0.0029820852
   -0.0009250697     0.0017696191     0.0029316254
   -0.0022295452     0.0012845953     0.0023977585
   -0.0028450806     0.0003350494     0.0016190792
    0.0013783771     0.0014132899     0.0023943087
    0.0003955167     0.0023379738     0.0025470348
   -0.0011329302     0.0026517981     0.0022910324
   -0.0025682968     0.0021181091     0.0016384638
   -0.0033319275     0.0010767381     0.0007714179
    0.0010821317     0.0022919805     0.0022731010
   -0.0003216839     0.0030514406     0.0019907466
   -0.0019929042     0.0029613764     0.0013074744
   -0.0032844240     0.0020575845     0.0003075589
   -0.0037578797     0.0008418970    -0.0008322818
   -0.0020731301     0.0033561081     0.0015617474
   -0.0037018322     0.0022376540     0.0001604969
    0.0080958109     0.0060773215     0.0035358885
    0.0044002651     0.0090784931     0.0036815561
   -0.0006192321     0.0096822505     0.0034181328
   -0.0056036647     0.0072449430     0.0027262005
    0.0102537284     0.0010292216    -0.0012057929
    0.0094693936     0.0055566330    -0.0007933648
    0.0064797307     0.0091276766    -0.0005451769
    0.0019726601     0.0107973482    -0.0003675123
   -0.0030343018     0.0099496090    -0.0002027660
   -0.0073100813     0.0063727368     0.0000044644
    0.0091759351     0.0005800908    -0.0050672919
    0.0082128040     0.0054330837    -0.0051242840
    0.0047381269     0.0089028447    -0.0049560455
   -0.0002163725     0.0099396574    -0.0044913389
   -0.0052583401     0.0080063317    -0.0036293516
   -0.0088353905     0.0031796856    -0.0021978851
    0.0070756322    -0.0042903336    -0.0048356564
    0.0064488695    -0.0001404393    -0.0081557016
    0.0049508626     0.0044113253    -0.0086205762
    0.0009170101     0.0068914777    -0.0083133498
   -0.0040464853     0.0062595537    -0.0071673005
   -0.0080215624     0.0024251081    -0.0049910846
    0.0044953818    -0.0050661805    -0.0068429765
    0.0024141651    -0.0012816253    -0.0097351487
    0.0000366214     0.0020070838    -0.0101227148
   -0.0041842612     0.0020698940    -0.0088702528
   -0.0076185038    -0.0013775576    -0.0058504416
    0.0011703610    -0.0057955174    -0.0075808676
   -0.0027854375    -0.0030117413    -0.0088510858
   -0.0012557637     0.0001192070     0.0016683812
   -0.0009478554     0.0003841759     0.0015840635
   -0.0013707181     0.0002298386     0.0008562315
   -0.0015368932     0.0000358547     0.0006917246
   -0.0015570463    -0.0003596122     0.0014145783
   -0.0000713064     0.0003679941     0.0019337401
   -0.0007416507     0.0003566781     0.0015314846
   -0.0012358188     0.0001916922     0.0009605331
   -0.0013500628     0.0000403358     0.0003282673
   -0.0012637812    -0.0000273703    -0.0000653728
   -0.0012900014    -0.0000650217    -0.0001464659
   -0.0015054336    -0.0002436121     0.0001041546
   -0.0016451223    -0.0007324884     0.0007379229
    0.0006271725     0.0001239681     0.0018265113
   -0.0015100129    -0.0000444023     0.0007788327
   -0.0013684574    -0.0001600203     0.0000888667
   -0.0010696459    -0.0001987913    -0.0003091243
   -0.0008488586    -0.0001813380    -0.0004897500
   -0.0008025393    -0.0001494700    -0.0005784237
   -0.0009455088    -0.0001532536    -0.0005830338
   -0.0012164032    -0.0003168233    -0.0004262807
   -0.0014328039    -0.0007549481    -0.0000709932
   -0.0013378598    -0.0014144516     0.0004530189
    0.0010862941    -0.0002723156     0.0018297165
   -0.0018407500    -0.0001353802     0.0004005458
   -0.0013322946    -0.0002382247    -0.0002445601
   -0.0008805138    -0.0002316509    -0.0004624989
   -0.0005918395    -0.0002143541    -0.0004914711
   -0.0004379117    -0.0002238554    -0.0005428671
   -0.0003879788    -0.0001942768    -0.0006795643
   -0.0004785007    -0.0001218724    -0.0008061717
   -0.0007051955    -0.0001319233    -0.0008254306
   -0.0009642336    -0.0003448085    -0.0007234372
   -0.0011073657    -0.0007808367    -0.0005276905
   -0.0009965371    -0.0013529685    -0.0002647964
   -0.0005619296    -0.0018753398     0.0000344165
    0.0001149506    -0.0021258131     0.0003260560
    0.0007951310    -0.0019924710     0.0005757990
    0.0012332250    -0.0015705531     0.0007937177
    0.0013525907    -0.0010651641     0.0010313736
    0.0012435355    -0.0006012610     0.0013201860
   -0.0017136104    -0.0001555876    -0.0005026025
   -0.0010313917    -0.0001168950    -0.0006972484
   -0.0006740334    -0.0000211871    -0.0005520554
   -0.0005328896    -0.0000650421    -0.0003608202
   -0.0004006939    -0.0002240752    -0.0003489659
   -0.0002138415    -0.0002868545    -0.0005381638
   -0.0001072101    -0.0001645708    -0.0007767940
   -0.0001839285     0.0000076938    -0.0009287530
   -0.0003949015     0.0000625339    -0.0009686779
   -0.0006237155    -0.0000642882    -0.0009354767
   -0.0007717725    -0.0003539887    -0.0008669170
   -0.0007697764    -0.0007486247    -0.0007795664
   -0.0005807194    -0.0011584865    -0.0006762671
   -0.0002262085    -0.0014752818    -0.0005525500
    0.0002037854    -0.0016211015    -0.0003954524
    0.0005953814    -0.0015958519    -0.0001809732
    0.0008822760    -0.0014641438     0.0001257249
    0.0010751586    -0.0012753562     0.0005622013
   -0.0009382963     0.0000378857    -0.0013891545
   -0.0006669068     0.0003318244    -0.0010111496
   -0.0007598691     0.0003553609    -0.0005755897
   -0.0008104825     0.0000322012    -0.0003387448
   -0.0005570346    -0.0003197554    -0.0003946821
   -0.0001499057    -0.0003676324    -0.0006243850
    0.0001042351    -0.0001270120    -0.0008449913
    0.0000926421     0.0001623928    -0.0009631273
   -0.0000929165     0.0003216476    -0.0009858129
   -0.0003206684     0.0003128699    -0.0009566067
   -0.0005064000     0.0001688884    -0.0009115641
   -0.0006077517    -0.0000664236    -0.0008712046
   -0.0006061105    -0.0003491055    -0.0008436250
   -0.0005058328    -0.0006362984    -0.0008220810
   -0.0003308266    -0.0008979014    -0.0007816780
   -0.0001077935    -0.0011254441    -0.0006846803
    0.0001514598    -0.0013275390    -0.0004890799
    0.0004607069    -0.0015147231    -0.0001417950
   -0.0002817304     0.0001649170    -0.0024406052
   -0.0003931849     0.0007235742    -0.0018256583
   -0.0002197062    -0.0004155660    -0.0008870746
    0.0002334528    -0.0001371149    -0.0009633259
    0.0003399437     0.0002585157    -0.0009875575
    0.0001849749     0.0005359124    -0.0009524073
   -0.0000710811     0.0006284420    -0.0008776551
   -0.0003148994     0.0005657566    -0.0007861845
   -0.0004882320     0.0004007200    -0.0007012593
   -0.0005717805     0.0001868548    -0.0006471944
   -0.0005819317    -0.0000350728    -0.0006395111
   -0.0005536073    -0.0002591947    -0.0006699736
   -0.0005015024    -0.0005149282    -0.0007035903
   -0.0003986487    -0.0008352790    -0.0006919904
   -0.0001913723    -0.0012347568    -0.0005834402
    0.0001991347    -0.0017314386    -0.0002961707
    0.0009403092     0.0004066767    -0.0034070159
    0.0002895474    -0.0001325882    -0.0013120016
    0.0005720043     0.0002704921    -0.0011364863
    0.0004982502     0.0006648734    -0.0009868111
    0.0002083613     0.0008739072    -0.0008447803
   -0.0001375712     0.0008669917    -0.0006995046
   -0.0004221455     0.0006859194    -0.0005545690
   -0.0005735308     0.0004120062    -0.0004318233
   -0.0005855847     0.0001483497    -0.0003637194
   -0.0005298792    -0.0000368673    -0.0003731196
   -0.0005000666    -0.0001697684    -0.0004542009
   -0.0005217052    -0.0003513777    -0.0005720254
   -0.0005261867    -0.0006739126    -0.0006798137
   -0.0003997057    -0.0011841627    -0.0007312077
    0.0039132727    -0.0014512575    -0.0050415165
    0.0029066081     0.0003040605    -0.0041161618
    0.0007786316     0.0002544835    -0.0018356155
    0.0009545471     0.0005543813    -0.0013852455
    0.0008175485     0.0009498346    -0.0010586264
    0.0004170263     0.0011851246    -0.0008293026
   -0.0000859885     0.0011481283    -0.0006555420
   -0.0005188089     0.0008399727    -0.0005127312
   -0.0007312882     0.0003645046    -0.0004019936
   -0.0006704109    -0.0000791273    -0.0003417429
   -0.0004554213    -0.0003065925    -0.0003517153
   -0.0003067657    -0.0003122956    -0.0004388155
   -0.0003478511    -0.0002858236    -0.0005928755
   -0.0005036336    -0.0004446801    -0.0007938116
   -0.0005872944    -0.0009082894    -0.0010252654
    0.0045530361     0.0007905183    -0.0035085323
    0.0029961680     0.0010931188    -0.0030133544
    0.0021869564     0.0009964931    -0.0024168307
    0.0018338748     0.0010448694    -0.0017854743
    0.0015055876     0.0013177408    -0.0012611504
    0.0009816182     0.0015941853    -0.0009127655
    0.0002878262     0.0016417943    -0.0007258070
   -0.0004108920     0.0013356897    -0.0006605955
   -0.0008783177     0.0007009311    -0.0006828778
   -0.0009178252    -0.0000308149    -0.0007557762
   -0.0001153884    -0.0002350862    -0.0009795722
   -0.0003956615    -0.0000796552    -0.0011301714
   -0.0008005905    -0.0003026805    -0.0014129215
    0.0068011081     0.0013889488    -0.0019957817
    0.0046613911     0.0018558257    -0.0018155566
    0.0033318723     0.0019924042    -0.0014171418
    0.0023699255     0.0021708827    -0.0010011362
    0.0014383188     0.0023422645    -0.0007349067
    0.0004448802     0.0022932043    -0.0006856344
   -0.0004732364     0.0018540232    -0.0008528427
   -0.0010205183     0.0010538721    -0.0011809581
   -0.0003820781     0.0005691879    -0.0017072712
   -0.0010793799     0.0007210832    -0.0018063647
    0.0066597988     0.0030395960     0.0000538461
    0.0044009533     0.0032703103    -0.0001841553
    0.0027556187     0.0033731781    -0.0002162341
    0.0013359436     0.0033535064    -0.0003517357
    0.0000807678     0.0030323147    -0.0007390634
   -0.0007679201     0.0023571367    -0.0013613732
   -0.0014113543     0.0022279010    -0.0020072047
    0.0037884524     0.0048681166     0.0011037506
    0.0017779483     0.0047308696     0.0003916482
    0.0002548205     0.0043831571    -0.0004211150
   -0.0006217674     0.0039183955    -0.0012720023
   -0.0015720153     0.0041840178    -0.0015700792
   -0.0031800964     0.0047918355    -0.0010441070
    0.0032808730     0.0067275992     0.0026636871
    0.0009403191     0.0064650451     0.0012167755
   -0.0005942686     0.0064347744     0.0004102949
   -0.0021473925     0.0070482766     0.0007243555
   -0.0002809824     0.0001939844     0.0017658348
   -0.0009748150     0.0001507555     0.0015525308
    0.0001166048     0.0002218740     0.0017519029
    0.0003950931     0.0001611455     0.0016621935
    0.0000788294     0.0003028231     0.0019406316
   -0.0006053501     0.0003684712     0.0020846925
   -0.0013377099     0.0001608495     0.0016351798
    0.0008420112    -0.0000228789     0.0017385063
    0.0005735472     0.0000377047     0.0015746295
    0.0007375950     0.0001086565     0.0014451323
    0.0006620295     0.0003013556     0.0016338125
    0.0004573235     0.0005971159     0.0020059300
   -0.0019446040    -0.0000279227     0.0007472331
    0.0009766607    -0.0003565408     0.0013591639
    0.0008318120    -0.0000991274     0.0013930127
    0.0009435606     0.0000780962     0.0013196131
    0.0008937918     0.0002675321     0.0013896780
    0.0008709226     0.0005416885     0.0016105678
    0.0006892889     0.0010178704     0.0019575398
   -0.0021520685     0.0000139033     0.0000511744
    0.0011142550    -0.0009272262     0.0010098171
    0.0010781309    -0.0005581718     0.0012400418
    0.0010302473    -0.0001864066     0.0013177684
    0.0012051460     0.0000823499     0.0013006056
    0.0010892467     0.0002626167     0.0013150100
    0.0010528076     0.0004791510     0.0014458019
    0.0009870533     0.0008888477     0.0016597842
    0.0006749944     0.0015073329     0.0018656389
   -0.0024210028     0.0001659488    -0.0005957802
   -0.0018251092    -0.0001304389    -0.0010847773
    0.0009045112    -0.0015143558     0.0004742155
    0.0011565515    -0.0012158098     0.0009646736
    0.0013582034    -0.0007390498     0.0012626014
    0.0013504966    -0.0002429370     0.0013359888
    0.0016515520     0.0000984884     0.0012514530
    0.0014420336     0.0002860181     0.0013108060
    0.0013545988     0.0004872823     0.0014828887
    0.0012655855     0.0008712506     0.0017079563
    0.0009779767     0.0014504542     0.0018736730
    0.0003225635     0.0020729218     0.0018594567
   -0.0007235021     0.0024345745     0.0015661518
   -0.0028208499     0.0003751388    -0.0008611449
   -0.0022743493    -0.0003536740    -0.0016870710
   -0.0014743292    -0.0004838606    -0.0022078211
    0.0008973777    -0.0018523064     0.0003708158
    0.0015218318    -0.0015714265     0.0008614279
    0.0019145959    -0.0009567741     0.0011663435
    0.0019017513    -0.0003045717     0.0012546954
    0.0022337472     0.0000397228     0.0009626652
    0.0020101688     0.0002698718     0.0011992769
    0.0019552322     0.0005446996     0.0015381962
    0.0018819044     0.0010548383     0.0019162841
    0.0015266361     0.0017684029     0.0022114365
    0.0007127671     0.0024624487     0.0022769307
   -0.0005379659     0.0028014916     0.0019873889
   -0.0019340721     0.0024841521     0.0012967721
   -0.0029788068     0.0014607676     0.0002749050
   -0.0032328749     0.0000629101    -0.0009105886
   -0.0026122515    -0.0011374269    -0.0020539615
   -0.0014482576    -0.0016610055    -0.0029722044
   -0.0002712781    -0.0013352474    -0.0035417977
    0.0002121046    -0.0019961515    -0.0004288503
    0.0010682079    -0.0022042881    -0.0000465238
    0.0027323697    -0.0002252546     0.0003519951
    0.0027344043     0.0000952397     0.0008477062
    0.0029247930     0.0005798238     0.0014172790
    0.0030292065     0.0014440338     0.0020165691
    0.0026555315     0.0026102617     0.0025439754
    0.0015251242     0.0037053485     0.0028338271
   -0.0003154419     0.0041755389     0.0026987926
   -0.0023776448     0.0035599613     0.0020272970
   -0.0038869913     0.0018300084     0.0008703990
   -0.0042004456    -0.0004901044    -0.0005686328
   -0.0031789784    -0.0025653770    -0.0020304007
   -0.0012479143    -0.0036711184    -0.0032906848
    0.0008463301    -0.0035019469    -0.0042081346
    0.0023710766    -0.0021870669    -0.0047566843
    0.0000453958    -0.0019909280    -0.0009837577
    0.0029864534    -0.0007894342    -0.0004396059
    0.0035960092    -0.0003130288     0.0002515422
    0.0043890473     0.0006299059     0.0009959653
    0.0049078082     0.0023035587     0.0017810530
    0.0044684372     0.0045351975     0.0025303767
    0.0025283984     0.0065541582     0.0030412780
   -0.0005460507    -0.0015207993    -0.0016215552
    0.0002253454    -0.0020638349    -0.0017028408
    0.0030366552    -0.0017168539    -0.0013136808
    0.0046876849    -0.0010323257    -0.0007367561
    0.0065794142     0.0007092778    -0.0001491463
   -0.0015006966    -0.0005783207    -0.0020254052
   -0.0010513249    -0.0013971318    -0.0021784437
   -0.0001986430    -0.0019124353    -0.0022904600
    0.0007975079    -0.0020392559    -0.0021995596
    0.0018125956    -0.0019455377    -0.0018430152
    0.0029027316    -0.0030907238    -0.0023543895
    0.0060858338    -0.0021826119    -0.0025341390
   -0.0027914166     0.0009575543    -0.0019606947
   -0.0027246653    -0.0003251624    -0.0020774735
   -0.0020988201    -0.0014594905    -0.0022747377
   -0.0009930058    -0.0023304792    -0.0023909533
    0.0006036876    -0.0029270547    -0.0023748880
   -0.0042548842     0.0034589188    -0.0008901250
   -0.0047013744     0.0014125437    -0.0010550283
   -0.0044223998    -0.0006218103    -0.0014153449
   -0.0033156346    -0.0025364204    -0.0018887369
   -0.0011788294    -0.0041828677    -0.0025397670
   -0.0035275256    -0.0033670102    -0.0016930716
   -0.0010672635    -0.0047516699    -0.0028764869
    0.0015274248    -0.0047067625    -0.0037989157
    0.0035841519    -0.0033975148    -0.0045222974
   -0.0058428503     0.0005855090     0.0003942251
   -0.0044454929    -0.0030345480    -0.0004784290
   -0.0018025577    -0.0052961625    -0.0012051034
    0.0012578740    -0.0059765080    -0.0018117172
    0.0040214880    -0.0052100640    -0.0023448897
    0.0059596712    -0.0033697338    -0.0028727751
    0.0067599352    -0.0009800000    -0.0035157303
   -0.0063625915     0.0011764781    -0.0001334491
   -0.0048876000    -0.0029079586    -0.0000031583
   -0.0020629848    -0.0054938807     0.0000630879
    0.0012310564    -0.0063942920     0.0000440215
    0.0042712676    -0.0057752031    -0.0000815239
    0.0065410412    -0.0040294770    -0.0003332455
    0.0077703070    -0.0016858110    -0.0007241483
    0.0079640722     0.0006870458    -0.0012281399
   -0.0063834868     0.0000498773    -0.0008868257
   -0.0044798681    -0.0036568131     0.0003241524
   -0.0014391377    -0.0057732242     0.0012128351
    0.0018706969    -0.0062266885     0.0017856592
    0.0047790798    -0.0052634966     0.0020633826
    0.0068473104    -0.0033202139     0.0020783367
    0.0078908390    -0.0009129398     0.0018886557
    0.0079591993     0.0014922035     0.0015989609
    0.0072307926     0.0036170764     0.0013489157
   -0.0063062404     0.0000851076    -0.0021856176
   -0.0047426952    -0.0034009189     0.0001629598
   -0.0018366333    -0.0054014763     0.0019459031
    0.0014148733    -0.0057249755     0.0031687993
    0.0042445418    -0.0046122801     0.0038918985
    0.0061733409    -0.0025389020     0.0042009434
    0.0070191473    -0.0000457097     0.0042099147
    0.0068335448     0.0024195710     0.0040478695
    0.0057743535     0.0045890093     0.0037942502
    0.0040200830     0.0063155960     0.0033880877
   -0.0020924412     0.0072145456     0.0014067327
   -0.0038732853     0.0059091195     0.0012887113
   -0.0053146024     0.0038604871     0.0010589047
   -0.0059131651     0.0012880800     0.0005297938
   -0.0053157463    -0.0014101938    -0.0003006866
   -0.0033975720    -0.0036931281    -0.0014358498
   -0.0003248292    -0.0048915606    -0.0029457660
    0.0009556535    -0.0046352423    -0.0050832410
   -0.0057104129    -0.0008697910    -0.0031761920
   -0.0046267568    -0.0035057447    -0.0000947177
   -0.0021270573    -0.0050343030     0.0023689023
    0.0007807001    -0.0050846005     0.0041261504
    0.0032797277    -0.0038283076     0.0052358387
    0.0048699697    -0.0017270303     0.0058172639
    0.0053729440     0.0006902097     0.0060170533
    0.0048469010     0.0029871324     0.0059649364
    0.0034803317     0.0048577404     0.0057234883
    0.0015496404     0.0060634304     0.0053109176
   -0.0006171033     0.0064023759     0.0048143410
   -0.0027522903     0.0057599705     0.0043402974
   -0.0045825968     0.0041458436     0.0037972709
   -0.0056882836     0.0017455830     0.0029800057
   -0.0056521930    -0.0010254711     0.0017455945
   -0.0042866495    -0.0035327242     0.0000050715
   -0.0018108957    -0.0049886718    -0.0023011007
   -0.0012158413    -0.0047472608    -0.0042816535
   -0.0044990744    -0.0018174678    -0.0046172049
   -0.0046304077    -0.0033682851    -0.0012323212
   -0.0028890307    -0.0046200988     0.0019832916
   -0.0003207101    -0.0045854324     0.0044311565
    0.0019263813    -0.0032066483     0.0060200045
    0.0031212621    -0.0010127489     0.0068829976
    0.0030368814     0.0013043558     0.0072187586
    0.0018218838     0.0031458584     0.0071853353
   -0.0001476108     0.0040534556     0.0068717520
   -0.0023689795     0.0037245875     0.0063114616
   -0.0042535255     0.0021157418     0.0054119869
   -0.0051611748    -0.0004241399     0.0039684936
   -0.0046692051    -0.0031039435     0.0018114268
   -0.0029851406    -0.0048424086    -0.0010702133
   -0.0028792640    -0.0047467898    -0.0023048605
   -0.0033334761    -0.0040199011    -0.0032784286
   -0.0039934479    -0.0039833897    -0.0015170329
   -0.0031911550    -0.0044823191     0.0016303068
   -0.0012058206    -0.0041739874     0.0044996343
    0.0005062805    -0.0026349971     0.0064004009
    0.0009009636    -0.0005713631     0.0073383382
   -0.0001463261     0.0009581253     0.0075129416
   -0.0020294680     0.0011250828     0.0070244230
   -0.0037347136    -0.0003058088     0.0057805507
   -0.0042980757    -0.0026662989     0.0035988288
   -0.0036062575    -0.0045212934     0.0005874129
   -0.0034403331    -0.0045646257     0.0007213885
   -0.0028377549    -0.0043397521     0.0027744448
   -0.0013784970    -0.0031214887     0.0055499247
   -0.0015807267    -0.0016092302     0.0065083716
   -0.0030930529    -0.0022181154     0.0053150221
   -0.0035405110    -0.0040938986     0.0024182497
   -0.0027732787    -0.0036150704     0.0041530651
   -0.0009341395     0.0003473255    -0.0006611368
   -0.0008734284    -0.0001511564    -0.0005104144
   -0.0003148663     0.0008398464    -0.0020090532
   -0.0007478054     0.0005481372    -0.0015312002
   -0.0008127981     0.0000173088    -0.0012618677
    0.0010279727     0.0008193513    -0.0031575746
    0.0002271227     0.0007142977    -0.0025435189
   -0.0000773900     0.0002823805    -0.0021442447
    0.0022265751     0.0009226751    -0.0032757451
    0.0014388443     0.0007340363    -0.0027586504
   -0.0010388994     0.0004454824    -0.0011181937
   -0.0007171123    -0.0001286917    -0.0012439442
   -0.0002951480    -0.0002350348    -0.0013438989
   -0.0001174221     0.0000359312    -0.0014577418
   -0.0009412308     0.0013131251    -0.0016287877
   -0.0006916944     0.0008470900    -0.0018560357
   -0.0004767542     0.0009739900    -0.0019728924
   -0.0008386626     0.0027766446    -0.0017944516
   -0.0010264105     0.0030199872    -0.0019090581
   -0.0009244166    -0.0002134385     0.0021462331
   -0.0012962060    -0.0008303137     0.0017404801
   -0.0003663396    -0.0010156266     0.0022334311
    0.0000682841    -0.0003235464     0.0024168692
   -0.0008113681    -0.0017396559     0.0013648130
    0.0001046662    -0.0017618855     0.0017204744
    0.0007993919    -0.0012621114     0.0019756625
    0.0009560589    -0.0004856561     0.0021429732
    0.0001915525    -0.0021655389     0.0007195278
    0.0009126720    -0.0019082562     0.0009726887
    0.0019899207    -0.0013817459     0.0008060966
    0.0022405860    -0.0006397508     0.0010425261
    0.0015207526    -0.0021072424    -0.0002466617
    0.0022120054    -0.0015602185     0.0000130950
    0.0025763657    -0.0008461691     0.0002780590
    0.0011575088    -0.0021500483    -0.0011854789
    0.0019662470    -0.0017541312    -0.0009737675
    0.0025217299    -0.0011704871    -0.0006870146
    0.0010771798    -0.0019621512    -0.0019335243
    0.0019443327    -0.0016901801    -0.0016714916
    0.0001030011     0.0009858673     0.0022889064
   -0.0008046187     0.0011614791     0.0021887348
   -0.0016677727     0.0008304375     0.0017652197
    0.0002743767     0.0015378816     0.0020889931
   -0.0006826296     0.0017897542     0.0019418043
   -0.0016574387     0.0015561890     0.0015285025
   -0.0023055248     0.0009548495     0.0009328910
   -0.0000986373     0.0021401703     0.0018019480
   -0.0012217995     0.0021816901     0.0013986809
   -0.0021929280     0.0016939078     0.0007559644
   -0.0027077438     0.0009058267    -0.0000297447
    0.0070546669     0.0039589589     0.0007522984
    0.0050255500     0.0065057165     0.0009640001
    0.0019049150     0.0078269034     0.0010185148
   -0.0016639534     0.0074536842     0.0009451853
   -0.0048660520     0.0051751086     0.0007519060
    0.0073397726     0.0003349344    -0.0024316822
    0.0070109024     0.0036390956    -0.0022608130
    0.0050874316     0.0063418569    -0.0021127123
    0.0020162595     0.0077971060    -0.0019287046
   -0.0015396060     0.0075604414    -0.0016626679
   -0.0047682842     0.0054505457    -0.0012630748
    0.0060161587    -0.0001867382    -0.0048082539
    0.0056085855     0.0031467043    -0.0049988493
    0.0034857518     0.0056603496    -0.0049398154
    0.0002683129     0.0066618230    -0.0045978765
   -0.0031915320     0.0057595655    -0.0039129986
   -0.0059237512     0.0029377090    -0.0027832134
    0.0043843797    -0.0034601650    -0.0043651673
    0.0037795780    -0.0008712342    -0.0064703837
    0.0030793221     0.0021290712    -0.0069419926
    0.0007038477     0.0039536621    -0.0068137734
   -0.0024428092     0.0039179147    -0.0060639907
   -0.0052346356     0.0018609285    -0.0045981328
    0.0023201556    -0.0040074862    -0.0053254030
    0.0008891981    -0.0015860984    -0.0070979653
   -0.0006133892     0.0005577625    -0.0074146351
   -0.0033627945     0.0005079291    -0.0064204581
