    0.0047120401
    0.0082537185
    0.0054879484
    0.0023488769
    0.0005209947
    0.0000276741
    0.0012350632
    0.0048754075
    0.0015396353
    0.0008076834
    0.0003840788
   -0.0009060319
   -0.0013959536
   -0.0002283143
    0.0016114924
   -0.0005807009
   -0.0025049621
   -0.0023733033
   -0.0014608028
   -0.0002357336
    0.0012051938
    0.0027355854
    0.0043214032
    0.0062937016
   -0.0030393124
   -0.0036526426
   -0.0029510195
   -0.0019304271
   -0.0010646708
   -0.0004358878
    0.0004938213
    0.0023485190
    0.0060643567
   -0.0045819357
   -0.0045103574
   -0.0024929989
    0.0010688948
    0.0019013801
   -0.0067051787
   -0.0069230639
   -0.0040178162
    0.0016671460
   -0.0187728735
   -0.0138737285
   -0.0106857030
   -0.0258835695
   -0.0166918293
    0.0087173187
    0.0087516756
    0.0086132384
    0.0090426265
    0.0083350412
    0.0080965800
    0.0091072116
    0.0087086315
    0.0094346088
    0.0090025340
    0.0096860443
    0.0092012455
    0.0112695387
    0.0015428261
    0.0120642603
    0.0140462098
    0.0162762344
   -0.0033796489
   -0.0075259747
    0.0174051488
    0.0225714228
    0.0267914905
    0.0248392996
    0.0139291548
    0.0173967406
    0.0275675489
    0.0001004956
   -0.0103225451
   -0.0064012421
   -0.0007214888
    0.0067442565
    0.0097164087
   -0.0075748050
   -0.0201114386
   -0.0267632935
   -0.0271933580
    0.0051796373
   -0.0130154880
   -0.0255614932
   -0.0327339817
   -0.0350875815
   -0.0336278151
   -0.0041584677
   -0.0213228340
   -0.0320453837
   -0.0373243946
   -0.0385044033
   -0.0372366274
   -0.0345940292
   -0.0303528926
   -0.0260567376
   -0.0242239522
   -0.0213249758
   -0.0150916905
   -0.0049262597
    0.0103502696
   -0.0015475463
   -0.0197361557
   -0.0312963014
   -0.0372754759
   -0.0393023267
   -0.0389977754
   -0.0373401428
   -0.0349111290
   -0.0313426457
   -0.0247972033
   -0.0135431855
    0.0037686442
   -0.0089014851
   -0.0240108235
   -0.0331058260
   -0.0371897573
   -0.0379146319
   -0.0360208308
   -0.0307298082
   -0.0202863163
   -0.0039275053
   -0.0021053499
   -0.0131218867
   -0.0270396335
   -0.0318110066
   -0.0266940656
   -0.0120441097
   -0.0198766253
    0.0020388402
    0.0023048800
    0.0011818115
    0.0015843791
    0.0028130315
    0.0027881602
    0.0011154174
   -0.0038965405
   -0.0010538542
    0.0011351900
    0.0016600100
    0.0004659661
   -0.0018178747
   -0.0093208740
   -0.0040576636
   -0.0020802130
   -0.0027729597
   -0.0192469497
   -0.0106605967
   -0.0081973021
    0.0002706592
   -0.0023314556
    0.0002542541
    0.0018774661
    0.0023804468
    0.0020964432
   -0.0055303671
   -0.0012697649
    0.0016716361
    0.0029150477
    0.0025767110
    0.0012621424
   -0.0091974459
   -0.0031898533
    0.0002073881
    0.0008463758
   -0.0012117893
   -0.0063954458
   -0.0153596157
   -0.0065130453
   -0.0051575504
   -0.0127210749
   -0.0157713504
    0.0094098576
    0.0094192731
    0.0072759042
    0.0066860494
    0.0083313604
    0.0101210569
    0.0105870008
    0.0101361722
    0.0090244591
    0.0034478849
    0.0052769725
    0.0072529027
    0.0088556345
    0.0098757016
    0.0103097523
    0.0038050185
    0.0054216034
    0.0068042489
    0.0080012567
    0.0091652613
    0.0095614379
    0.0086729207
    0.0096410761
    0.0100761028
    0.0109736937
    0.0086265171
    0.0103210380
    0.0110925375
    0.0122858121
    0.0133984078
    0.0062140320
    0.0085229406
    0.0104134085
    0.0115883758
    0.0133416868
    0.0061253926
    0.0088387850
    0.0110052572
    0.0141120590
    0.0007113130
    0.0049783078
    0.0087750413
    0.0092264118
    0.0102835505
    0.0096410749
    0.0079477503
    0.0095957493
    0.0101940923
    0.0111878512
    0.0107759230
    0.0089404835
    0.0067953248
    0.0100079475
    0.0115866314
    0.0119286780
    0.0104631444
    0.0077041012
    0.0049756977
    0.0134027499
    0.0137775159
    0.0119257008
    0.0081269767
    0.0035200013
    0.0101930162
    0.0325093475
    0.0333910787
    0.0296465884
    0.0202260517
    0.0327477524
    0.0350722810
    0.0335517393
    0.0278025350
    0.0170524576
    0.0267144246
    0.0315359617
    0.0338494190
    0.0311622336
    0.0231564885
    0.0090353204
    0.0101008009
    0.0240298616
    0.0279347369
    0.0287899656
    0.0228690445
    0.0101627616
    0.0200349646
    0.0205783472
    0.0128078466
    0.0144192190
    0.0066636733
    0.0041189436
    0.0064757279
    0.0046220632
    0.0025647018
    0.0012213994
    0.0008866250
    0.0017513506
    0.0037090829
    0.0015044995
    0.0003893634
   -0.0001849948
   -0.0005473390
   -0.0003175327
    0.0008192896
    0.0019046581
    0.0007160219
    0.0006557097
    0.0003362642
   -0.0006647504
   -0.0014642086
   -0.0014460286
   -0.0007370700
    0.0003988733
    0.0017974271
    0.0064195252
    0.0007663902
    0.0002324747
   -0.0008180078
   -0.0021857929
   -0.0024741165
   -0.0020979353
   -0.0014346600
   -0.0006468828
    0.0002099218
    0.0011475321
    0.0022477752
    0.0036389198
    0.0055619084
   -0.0029714115
   -0.0020416001
   -0.0032594259
   -0.0032732291
   -0.0026728938
   -0.0018608419
   -0.0010941947
   -0.0004841665
    0.0001364529
    0.0011169123
    0.0027892001
   -0.0103562600
   -0.0035546423
   -0.0044426297
   -0.0040473699
   -0.0028527491
   -0.0013461484
    0.0003886718
    0.0007714069
    0.0021936431
   -0.0060567495
   -0.0062995149
   -0.0054342978
   -0.0034640455
    0.0007152849
    0.0010094317
   -0.0211147016
   -0.0142482420
   -0.0112296217
   -0.0095304304
   -0.0073932652
   -0.0012614557
   -0.0236823355
   -0.0169009206
   -0.0125975784
   -0.0188554154
   -0.0238909990
    0.0070048044
    0.0073493619
    0.0067810076
    0.0072397078
    0.0072154426
    0.0076423857
    0.0070667523
    0.0070081739
    0.0076855310
    0.0040426745
    0.0072055846
    0.0070778629
    0.0074360971
    0.0076063135
    0.0087248664
    0.0071086545
    0.0078643400
    0.0087569020
    0.0086240605
    0.0094646117
    0.0107621970
    0.0004504958
   -0.0016040838
    0.0059417793
    0.0107336654
    0.0121873001
    0.0138394417
    0.0144028661
    0.0127183664
    0.0021561863
   -0.0037484831
   -0.0074094610
   -0.0074287346
    0.0138297249
    0.0171664482
    0.0205206010
    0.0215229779
    0.0179025812
    0.0093556360
    0.0131336314
    0.0182631620
   -0.0004212756
    0.0015452106
    0.0144033642
   -0.0059612358
   -0.0044146620
   -0.0012807358
    0.0026496555
    0.0073492440
   -0.0147958987
   -0.0106445332
   -0.0053231394
    0.0095632021
   -0.0018552702
   -0.0112391124
   -0.0177579737
   -0.0210791042
   -0.0209996595
    0.0026166415
   -0.0089843053
   -0.0176722364
   -0.0233220001
   -0.0260598046
   -0.0262424837
   -0.0246045610
    0.0001960422
   -0.0116849333
   -0.0203412635
   -0.0259017434
   -0.0287245821
   -0.0294083829
   -0.0287397678
   -0.0272895297
    0.0097368834
    0.0020134568
   -0.0108414074
   -0.0202646390
   -0.0263459745
   -0.0295697470
   -0.0306648399
   -0.0303476412
   -0.0289894890
   -0.0268106602
   -0.0245344695
   -0.0222792854
   -0.0188787887
   -0.0134134534
   -0.0054111986
    0.0054575464
   -0.0024136009
   -0.0143410720
   -0.0227899034
   -0.0278029345
   -0.0300885303
   -0.0304726975
   -0.0295322305
   -0.0275765473
   -0.0243769969
   -0.0190536760
   -0.0108085725
    0.0005368311
   -0.0001362182
   -0.0121091829
   -0.0214735901
   -0.0266964523
   -0.0283961435
   -0.0273356137
   -0.0234370846
   -0.0158945547
   -0.0048315988
   -0.0047028190
   -0.0113831020
   -0.0203923007
   -0.0234800597
   -0.0196464722
   -0.0102937113
   -0.0155525561
    0.0007675799
    0.0004000088
    0.0005855014
    0.0010159485
    0.0008588381
   -0.0000856844
   -0.0023363423
   -0.0009750694
    0.0000799948
    0.0002779400
   -0.0004518416
   -0.0083364558
   -0.0049108246
   -0.0027007378
   -0.0018526547
   -0.0022144782
   -0.0129877303
   -0.0081151090
   -0.0059484333
   -0.0056631133
   -0.0177877208
   -0.0124785474
   -0.0006248023
    0.0001833305
   -0.0016401767
   -0.0000030549
    0.0008732257
    0.0010557489
    0.0008298197
   -0.0040771136
   -0.0015187099
   -0.0000299703
    0.0003833393
   -0.0001389974
   -0.0013714313
   -0.0085928765
   -0.0045447136
   -0.0025396120
   -0.0025232815
   -0.0046229473
   -0.0093532789
   -0.0082892922
   -0.0156925226
   -0.0181826327
    0.0069751936
    0.0072532275
    0.0056493124
    0.0050498629
    0.0061134097
    0.0074634481
    0.0079784830
    0.0081023451
    0.0074667163
    0.0032216699
    0.0044949608
    0.0058075250
    0.0069050896
    0.0076801174
    0.0081043100
    0.0026553357
    0.0038792137
    0.0049842337
    0.0059537036
    0.0068274288
    0.0076426494
    0.0077382294
    0.0080519284
    0.0087795944
    0.0070791412
    0.0080626399
    0.0086215552
    0.0097147072
    0.0054232081
    0.0069844957
    0.0082375285
    0.0091042657
    0.0104858824
    0.0042775551
    0.0061079552
    0.0077310440
    0.0090933679
    0.0110504540
    0.0037707288
    0.0060649327
    0.0082669457
    0.0022114475
    0.0059656793
    0.0072940281
    0.0080284887
    0.0073544163
    0.0061735619
    0.0082636714
    0.0087278637
    0.0084531943
    0.0073013095
    0.0057783113
    0.0091872448
    0.0095135691
    0.0088937946
    0.0073701423
    0.0053953933
    0.0036744313
    0.0109257159
    0.0102322439
    0.0082801955
    0.0054407970
    0.0024621793
    0.0126042342
    0.0086411766
    0.0255487319
    0.0239216915
    0.0191507891
    0.0253426759
    0.0271131105
    0.0265435623
    0.0233451900
    0.0171024851
    0.0246189003
    0.0269144019
    0.0266764295
    0.0237744811
    0.0179219449
    0.0085992602
    0.0197448235
    0.0226342454
    0.0249612127
    0.0241974980
    0.0202780648
    0.0129674758
    0.0170411713
    0.0193048591
    0.0205133582
    0.0172128719
    0.0094579477
    0.0134136452
    0.0133193826
    0.0071504282
    0.0086441491
    0.0052198621
    0.0036700010
    0.0031878403
    0.0063624260
    0.0054180059
    0.0041251995
    0.0026901514
    0.0016954297
    0.0014132359
    0.0019444208
    0.0032880603
    0.0017541823
    0.0007982759
    0.0003065331
    0.0001599826
    0.0004661499
    0.0013401185
    0.0027237021
    0.0025177250
    0.0010759429
    0.0003795973
    0.0000091689
   -0.0003578630
   -0.0006666760
   -0.0006683767
   -0.0002530846
    0.0005264820
    0.0015670700
    0.0027375732
    0.0060023540
    0.0064992941
    0.0005429520
    0.0001714206
    0.0002036583
   -0.0000332311
   -0.0006626687
   -0.0012721448
   -0.0014954577
   -0.0012905273
   -0.0007819995
   -0.0000860957
    0.0007213917
    0.0015799895
    0.0024453510
    0.0033154794
    0.0042422490
    0.0053003101
   -0.0008229268
   -0.0006451202
   -0.0011133707
   -0.0019235183
   -0.0022370635
   -0.0021105705
   -0.0017139290
   -0.0011796902
   -0.0005855292
    0.0000329625
    0.0006882373
    0.0014413695
    0.0023790061
    0.0036003640
   -0.0033464749
   -0.0021823943
   -0.0028747743
   -0.0029909836
   -0.0026805468
   -0.0021327361
   -0.0014985414
   -0.0008942084
   -0.0003710430
    0.0001328307
    0.0007739870
    0.0017288108
    0.0031981832
   -0.0081971509
   -0.0034855234
   -0.0039440821
   -0.0038362922
   -0.0032658980
   -0.0024127075
   -0.0014836876
   -0.0007064528
   -0.0002193421
    0.0000642970
    0.0004257565
    0.0011763267
    0.0026482536
   -0.0140095272
   -0.0055318467
   -0.0055286519
   -0.0051443124
   -0.0042734611
   -0.0030090753
   -0.0015873434
    0.0001764866
    0.0004072728
    0.0014178218
   -0.0151036065
   -0.0112251164
   -0.0092456069
   -0.0081061119
   -0.0069791524
   -0.0054727918
   -0.0035512565
   -0.0008315317
   -0.0008685778
   -0.0201974854
   -0.0151287783
   -0.0120830684
   -0.0098002862
   -0.0075248068
   -0.0041851968
   -0.0178381721
   -0.0135755741
   -0.0101735591
   -0.0083539131
   -0.0192621061
   -0.0147010154
   -0.0136824132
    0.0060572757
    0.0054960507
    0.0062289424
    0.0062373311
    0.0065675634
    0.0066434280
    0.0062065918
    0.0062347482
    0.0066031682
    0.0062518203
    0.0061710973
    0.0064025574
    0.0066341468
    0.0071985583
    0.0023436678
    0.0060338061
    0.0062809131
    0.0063720527
    0.0069408256
    0.0071061601
    0.0076119704
    0.0083272660
    0.0008170714
    0.0061735756
    0.0068139521
    0.0069778370
    0.0078448514
    0.0080362323
    0.0086306355
    0.0094126746
    0.0100049729
    0.0099661694
    0.0003838466
   -0.0018755806
   -0.0026408002
    0.0053708047
    0.0094303356
    0.0105103614
    0.0117751448
    0.0126297413
    0.0124250749
    0.0106626255
    0.0072721976
    0.0027872774
   -0.0017945037
   -0.0054110268
   -0.0072658777
    0.0112083660
    0.0133419369
    0.0156902445
    0.0173279800
    0.0171150028
    0.0141793025
    0.0085522655
    0.0024171598
    0.0104115914
    0.0134471391
    0.0175324099
    0.0004671468
    0.0022761828
    0.0109870720
    0.0169225378
   -0.0030944296
   -0.0013714872
    0.0010148087
    0.0037471921
    0.0068670519
   -0.0088026776
   -0.0066590242
   -0.0038185845
   -0.0002594160
    0.0043880076
   -0.0028297854
   -0.0084947357
   -0.0123556934
   -0.0140761276
    0.0071750788
   -0.0012462618
   -0.0083759160
   -0.0137421936
   -0.0171512085
   -0.0185630407
   -0.0180438462
   -0.0008184126
   -0.0087090446
   -0.0147601130
   -0.0188836249
   -0.0211648599
   -0.0218561328
   -0.0214250998
   -0.0030176728
   -0.0106944714
   -0.0165180619
   -0.0204922530
   -0.0227930291
   -0.0237390846
   -0.0237309947
   -0.0230664109
   -0.0137077177
    0.0004259072
    0.0071010839
   -0.0025808395
   -0.0104858371
   -0.0165552837
   -0.0207366363
   -0.0232273797
   -0.0243662582
   -0.0244987082
   -0.0238393447
   -0.0225169493
   -0.0208308963
   -0.0190704390
   -0.0169386067
   -0.0138559894
   -0.0094604926
   -0.0036072229
    0.0036668339
    0.0000567660
   -0.0084817965
   -0.0153730274
   -0.0201221312
   -0.0228598139
   -0.0239819121
   -0.0238768496
   -0.0228270430
   -0.0209814799
   -0.0181450826
   -0.0138541886
   -0.0078070490
   -0.0001855038
    0.0023492035
    0.0044742445
    0.0003465994
   -0.0071709354
   -0.0143175228
   -0.0192380967
   -0.0216773298
   -0.0219997892
   -0.0204992422
   -0.0170924493
   -0.0115289416
   -0.0042869689
   -0.0047308031
   -0.0095243779
   -0.0160611564
   -0.0182181345
   -0.0151608139
   -0.0084226551
   -0.0124008973
    0.0001737717
   -0.0000102809
   -0.0013147827
   -0.0006910624
   -0.0003777185
   -0.0005986307
   -0.0039284823
   -0.0025870252
   -0.0018526471
   -0.0017752426
   -0.0022545619
   -0.0095985783
   -0.0064464395
   -0.0047043426
   -0.0040993705
   -0.0110067065
   -0.0083936073
   -0.0002942430
    0.0001148235
   -0.0019822876
   -0.0007887448
   -0.0001757340
   -0.0000635728
   -0.0052697971
   -0.0030375531
   -0.0017513239
   -0.0013795934
   -0.0018495394
   -0.0062110457
   -0.0044794512
   -0.0045054645
   -0.0065325008
   -0.0108369347
   -0.0099690589
    0.0055182496
    0.0059144257
    0.0046804107
    0.0041025099
    0.0047988295
    0.0058463746
    0.0063647353
    0.0067469559
    0.0036307340
    0.0046339612
    0.0055317668
    0.0062256690
    0.0066636444
    0.0033601583
    0.0042792360
    0.0051111266
    0.0058747114
    0.0065697287
    0.0066957471
    0.0071917930
    0.0081009989
    0.0059120523
    0.0068321945
    0.0075353993
    0.0086588432
    0.0043812724
    0.0056215267
    0.0067188038
    0.0076842159
    0.0092386234
    0.0043354885
    0.0058972826
    0.0074239390
    0.0040665613
    0.0064739459
    0.0066732147
    0.0060161079
    0.0072440419
    0.0068653120
    0.0058929776
    0.0047118629
    0.0078123275
    0.0078734420
    0.0072587199
    0.0060067263
    0.0044563844
    0.0090154595
    0.0085857051
    0.0073208170
    0.0053933223
    0.0032109644
    0.0092049240
    0.0065671310
    0.0215468366
    0.0212122108
    0.0190029408
    0.0146302439
    0.0199037978
    0.0216710467
    0.0219581920
    0.0206569641
    0.0176148124
    0.0126020223
    0.0188320494
    0.0208597355
    0.0209719293
    0.0191149001
    0.0151432537
    0.0088054103
    0.0148155844
    0.0168436548
    0.0187457891
    0.0181192225
    0.0149321906
    0.0090515057
    0.0122834497
    0.0137415648
    0.0146722247
    0.0119855532
    0.0057806769
    0.0090842817
    0.0086425920
    0.0040548697
    0.0043460026
    0.0032278790
    0.0027579923
    0.0035408283
    0.0052943597
    0.0046792266
    0.0037076429
    0.0025878624
    0.0017750456
    0.0014946190
    0.0018026808
    0.0026906801
    0.0057367155
    0.0034148859
    0.0021873962
    0.0012784871
    0.0007383178
    0.0004910612
    0.0005242252
    0.0008924766
    0.0016073184
    0.0025870668
    0.0057275947
    0.0028310064
    0.0015159951
    0.0007063430
    0.0002529125
   -0.0000403291
   -0.0002526774
   -0.0003160499
   -0.0001387761
    0.0003003431
    0.0009601244
    0.0017688622
    0.0026338172
    0.0034530276
    0.0041523882
    0.0047223371
    0.0052051027
    0.0056277148
    0.0014358790
    0.0004579082
    0.0000452830
   -0.0001317383
   -0.0003441021
   -0.0006516371
   -0.0009215488
   -0.0010033537
   -0.0008450365
   -0.0004777179
    0.0000420843
    0.0006618864
    0.0013355838
    0.0020243393
    0.0027066595
    0.0033888228
    0.0041001266
    0.0048624194
   -0.0004948549
   -0.0006288951
   -0.0004725391
   -0.0004374133
   -0.0007017931
   -0.0011439830
   -0.0015186573
   -0.0016662618
   -0.0015661208
   -0.0012741274
   -0.0008571342
   -0.0003667580
    0.0001634540
    0.0007195332
    0.0013108108
    0.0019685570
    0.0027376031
    0.0036661176
   -0.0023882916
   -0.0019012687
   -0.0016328927
   -0.0020929176
   -0.0023249937
   -0.0022870687
   -0.0020340327
   -0.0016434621
   -0.0011834587
   -0.0007054562
   -0.0002358977
    0.0002361943
    0.0007606551
    0.0014104608
    0.0022652982
    0.0034204040
   -0.0048689500
   -0.0027917536
   -0.0030743055
   -0.0031029301
   -0.0028748480
   -0.0024544361
   -0.0019228387
   -0.0013633318
   -0.0008495544
   -0.0004173385
   -0.0000372704
    0.0003818514
    0.0009594264
    0.0018198740
   -0.0106563111
   -0.0082913921
   -0.0042222004
   -0.0042637757
   -0.0041513122
   -0.0037916118
   -0.0032051848
   -0.0024682394
   -0.0016941979
   -0.0010159282
   -0.0005306118
   -0.0002311175
    0.0000089238
    0.0003776825
    0.0010654700
   -0.0109984517
   -0.0085909141
   -0.0071905580
   -0.0064466121
   -0.0059370113
   -0.0053614733
   -0.0045898520
   -0.0036194910
   -0.0025457740
   -0.0015502037
   -0.0004438385
   -0.0004041532
   -0.0001089792
   -0.0151661245
   -0.0118909972
   -0.0098302928
   -0.0084358386
   -0.0072574445
   -0.0060290032
   -0.0046699564
   -0.0032781697
   -0.0015983959
   -0.0018543200
   -0.0166932555
   -0.0132386183
   -0.0108467555
   -0.0089060741
   -0.0070899088
   -0.0053775388
   -0.0042931228
   -0.0149341290
   -0.0119014587
   -0.0095287000
   -0.0077960553
   -0.0075843909
   -0.0092332061
   -0.0178136791
   -0.0142145573
   -0.0126293261
   -0.0134863359
    0.0052144362
    0.0047000946
    0.0054337375
    0.0054791781
    0.0055608105
    0.0053749835
    0.0046091076
    0.0057824929
    0.0054865692
    0.0055648536
    0.0057553660
    0.0060123942
    0.0033714750
    0.0055178675
    0.0054901712
    0.0057155904
    0.0059126742
    0.0062235088
    0.0065636907
    0.0025260505
    0.0053233224
    0.0054693508
    0.0055969840
    0.0060500541
    0.0062571456
    0.0065832989
    0.0069719570
    0.0072681486
    0.0020354389
    0.0008132502
    0.0047837982
    0.0052839145
    0.0056783853
    0.0059035399
    0.0065959720
    0.0068638790
    0.0072786780
    0.0077630449
    0.0081413327
    0.0081879140
    0.0076738827
    0.0024495759
    0.0004486240
   -0.0009622380
    0.0046943618
    0.0055123162
    0.0060917114
    0.0064025906
    0.0072671618
    0.0077180350
    0.0083690991
    0.0091102481
    0.0097026852
    0.0098525261
    0.0092826128
    0.0078259211
    0.0055272724
    0.0026885053
   -0.0001989138
   -0.0026072734
   -0.0041049807
    0.0034989551
    0.0046701760
    0.0079010996
    0.0087517672
    0.0098746084
    0.0111234986
    0.0121747844
    0.0126022052
    0.0119838537
    0.0100602580
    0.0068871066
    0.0028742387
   -0.0013279661
   -0.0050239041
   -0.0076462770
   -0.0088273459
    0.0029939182
    0.0084012243
    0.0100153866
    0.0120302913
    0.0142221486
    0.0160775583
    0.0168490479
    0.0017620804
    0.0031584118
    0.0087174849
    0.0115402891
    0.0150266801
   -0.0002784600
    0.0011760343
    0.0028603972
    0.0046263589
    0.0065009629
    0.0087949824
    0.0134251814
   -0.0034374112
   -0.0018299519
    0.0001684577
    0.0025003227
    0.0052734824
   -0.0083346014
   -0.0062900610
   -0.0037938615
   -0.0007350471
    0.0031643001
   -0.0019686623
   -0.0062407064
   -0.0093932272
   -0.0112115474
    0.0049579576
   -0.0008875391
   -0.0059929385
   -0.0100432053
   -0.0128768780
   -0.0144302583
   -0.0147128524
    0.0054877245
   -0.0008458152
   -0.0063838938
   -0.0108433612
   -0.0141079494
   -0.0161720967
   -0.0171284578
   -0.0171900135
    0.0037650255
   -0.0026007896
   -0.0080726143
   -0.0124235798
   -0.0155920169
   -0.0176292477
   -0.0186824645
   -0.0189792544
   -0.0187636739
    0.0042106446
   -0.0023771672
   -0.0081378628
   -0.0127398552
   -0.0160952970
   -0.0182723090
   -0.0194448422
   -0.0198319611
   -0.0196021002
   -0.0187992250
   -0.0143642463
   -0.0129777148
   -0.0111622827
   -0.0085770346
   -0.0051172163
   -0.0007903265
    0.0043133799
    0.0070449216
    0.0035927390
   -0.0026059419
   -0.0082411690
   -0.0128144202
   -0.0161641724
   -0.0183399158
   -0.0195084239
   -0.0198619488
   -0.0195488757
   -0.0186921107
   -0.0174565389
   -0.0159489849
   -0.0140301497
   -0.0114216040
   -0.0079310456
   -0.0035257168
    0.0016318455
    0.0038525992
    0.0040846280
   -0.0013480731
   -0.0071325953
   -0.0120881764
   -0.0157052560
   -0.0179299032
   -0.0189342334
   -0.0189369071
   -0.0181214335
   -0.0165872767
   -0.0142502632
   -0.0109037474
   -0.0064739733
   -0.0012558502
   -0.0000649466
    0.0011413657
   -0.0015186678
   -0.0064873845
   -0.0114669564
   -0.0150676314
   -0.0169114252
   -0.0171212725
   -0.0158805299
   -0.0132219370
   -0.0091617187
   -0.0042447701
   -0.0048956974
   -0.0081761042
   -0.0127293807
   -0.0142018530
   -0.0118815841
   -0.0072216251
   -0.0100816514
   -0.0007038793
   -0.0007270019
   -0.0024289801
   -0.0018454511
   -0.0016306075
   -0.0051057516
   -0.0038969578
   -0.0032953081
   -0.0072763796
   -0.0059601729
   -0.0023617449
   -0.0014859700
   -0.0010546134
   -0.0010016779
   -0.0036538211
   -0.0027929077
   -0.0026334636
   -0.0056741556
   -0.0057262213
    0.0045658577
    0.0039487890
    0.0047829070
    0.0052811917
    0.0038445585
    0.0045920144
    0.0052131555
    0.0056435626
    0.0038612195
    0.0045346211
    0.0059123568
    0.0064896180
    0.0050107342
    0.0058652334
    0.0066436226
    0.0044056691
    0.0055073516
    0.0065988010
    0.0046002859
    0.0062012701
    0.0062255879
    0.0058059052
    0.0049761786
    0.0067632477
    0.0063089372
    0.0054206402
    0.0042726700
    0.0073688764
    0.0065014633
    0.0051529030
    0.0035495021
    0.0178875458
    0.0181192302
    0.0171716891
    0.0149138556
    0.0111798625
    0.0158597860
    0.0174543348
    0.0178681861
    0.0170460874
    0.0148995714
    0.0112982494
    0.0145242980
    0.0162799688
    0.0165732274
    0.0153860523
    0.0126458158
    0.0082298461
    0.0112414556
    0.0125239141
    0.0141638403
    0.0139526083
    0.0118886274
    0.0079237849
    0.0089517428
    0.0098799921
    0.0105955111
    0.0083764724
