   -0.0036987162     0.0023357819     0.0013459488
   -0.0011789708     0.0012410829     0.0032477168
   -0.0026348204    -0.0000554108     0.0017028766
   -0.0021223976    -0.0004003370    -0.0000860303
   -0.0011929009    -0.0003122543    -0.0007279708
   -0.0014845794     0.0001331022    -0.0010318551
   -0.0038043134     0.0000380120    -0.0006827933
   -0.0040453216    -0.0012558245     0.0020982401
   -0.0012990194    -0.0005405481     0.0005837032
   -0.0000610717    -0.0000980539     0.0018938203
    0.0001367267    -0.0008112321     0.0024956773
    0.0002779441    -0.0009343695     0.0005341740
   -0.0007021415    -0.0000906918    -0.0010773362
   -0.0024282219    -0.0007357342    -0.0014066507
   -0.0016950566     0.0016562482     0.0004264981
   -0.0004243899    -0.0028614117     0.0016632751
    0.0002021569    -0.0004735792    -0.0006303141
   -0.0005584378     0.0001179411    -0.0011986294
   -0.0010153666    -0.0003771970    -0.0015291991
   -0.0010501482    -0.0013375830    -0.0020258657
   -0.0004225016    -0.0024954524    -0.0025633712
    0.0007754229    -0.0031101679    -0.0027269001
    0.0016980510    -0.0028459600    -0.0021415717
    0.0018862241    -0.0026131062    -0.0006241721
    0.0002925462    -0.0015627575    -0.0007061199
   -0.0000077088     0.0003422955    -0.0008029654
   -0.0006029823     0.0004985663    -0.0003217203
   -0.0007732200     0.0001666992     0.0003360089
   -0.0005509274    -0.0000655938     0.0005575687
   -0.0005157164    -0.0001132150     0.0000172667
   -0.0008040031    -0.0006465523    -0.0006719796
   -0.0007143975    -0.0018727903    -0.0007681628
    0.0000958418    -0.0046797998     0.0006243760
    0.0004295041    -0.0010137318    -0.0016676914
   -0.0006136217     0.0007893131    -0.0005346318
   -0.0024084109    -0.0003098427     0.0008669429
    0.0012074545    -0.0011657065     0.0011905123
   -0.0001888776    -0.0017989116    -0.0002024903
    0.0005558786    -0.0011329401    -0.0048886353
    0.0000062222     0.0012700035    -0.0017433261
   -0.0038122144     0.0006961188    -0.0007083896
    0.0026574894    -0.0009585439    -0.0015537102
    0.0060284121     0.0050950843    -0.0088002738
    0.0031022906     0.0031386394    -0.0050399366
    0.0000273035     0.0036408221    -0.0026363629
    0.0066772097     0.0092819141    -0.0042463886
    0.0006913079     0.0076944924    -0.0037925780
   -0.0005312310     0.0006460646     0.0036077802
    0.0012077851     0.0002871848     0.0029952399
    0.0023494540     0.0000427709     0.0023305894
    0.0022862007    -0.0001829655     0.0024813687
    0.0016239556     0.0003432198     0.0022594962
    0.0011771310     0.0006899420     0.0015616229
    0.0030593235     0.0000519350     0.0016999107
    0.0022012356    -0.0023563885     0.0019901771
    0.0020440690    -0.0011439736     0.0040974465
    0.0017076386     0.0008703936     0.0034167731
    0.0015001804     0.0020856366     0.0030574792
    0.0010880262    -0.0000946844     0.0019062948
    0.0033912191     0.0005644861     0.0023031884
   -0.0058166152     0.0009258408    -0.0030087807
    0.0020536852     0.0003900593     0.0035575721
    0.0028117742     0.0002262457     0.0048118804
    0.0026257509     0.0027858661     0.0051363388
   -0.0055909785    -0.0013781777    -0.0078888270
   -0.0018370615    -0.0001648083    -0.0089723775
    0.0058786939    -0.0000570399     0.0044268171
    0.0076091687     0.0021525443     0.0082951551
    0.0051093307     0.0074137690     0.0116589302
   -0.0037721308     0.0094902718     0.0110961551
   -0.0121156828     0.0031301822     0.0044492862
    0.0070894171    -0.0031136613    -0.0013737747
    0.0148941483    -0.0024663464     0.0047080042
   -0.0015890444    -0.0017429861    -0.0054963260
   -0.0051577901     0.0055376476    -0.0073773764
   -0.0069003087     0.0009647977    -0.0071378881
   -0.0058931882    -0.0031259929    -0.0078660857
   -0.0019198983    -0.0074254875    -0.0066130513
   -0.0149389864    -0.0000281569     0.0040342190
   -0.0084877781    -0.0106136931    -0.0033466321
    0.0018028050    -0.0132621180    -0.0079917717
    0.0099417364    -0.0086027435    -0.0108331534
    0.0123652129     0.0002106955    -0.0130111511
   -0.0173421174    -0.0024885104     0.0034601668
   -0.0067601555    -0.0138007778     0.0010440782
    0.0050762414    -0.0158142533    -0.0006280400
    0.0139962964    -0.0110209145    -0.0021793341
    0.0177291094    -0.0028647942    -0.0039865326
    0.0162831349     0.0048567262    -0.0063992300
   -0.0143604285    -0.0080094598     0.0027808331
   -0.0013062075    -0.0146777247     0.0055489314
    0.0099495113    -0.0124105000     0.0063547856
    0.0163092304    -0.0050996133     0.0056211303
    0.0172017407     0.0031241083     0.0038276403
    0.0141767220     0.0094836290     0.0017146904
    0.0090624626     0.0137692756    -0.0004028035
    0.0032505938     0.0171284186    -0.0037704538
   -0.0007733816     0.0185369943    -0.0068462637
   -0.0054415242     0.0161422035    -0.0052880723
   -0.0111549046     0.0106525145    -0.0039375911
   -0.0137687067     0.0026012500    -0.0039157654
   -0.0104766189    -0.0067762433    -0.0043145579
    0.0011633361    -0.0146647505    -0.0054188483
   -0.0156781472    -0.0063899454    -0.0005844233
   -0.0040890989    -0.0122512152     0.0074387589
    0.0063835415    -0.0098762719     0.0109884557
    0.0121943006    -0.0028990580     0.0116414196
    0.0129042420     0.0048070133     0.0107132567
    0.0099148890     0.0111221329     0.0093511646
    0.0045991051     0.0154429266     0.0080892447
   -0.0021692179     0.0167003697     0.0074076948
   -0.0095212523     0.0133335966     0.0072281960
   -0.0145620528     0.0049804850     0.0060797737
   -0.0132786812    -0.0064252971     0.0026825464
   -0.0030677127    -0.0161859535    -0.0048140517
   -0.0108804713    -0.0099661629     0.0011475771
   -0.0018220547    -0.0102335894     0.0100355346
    0.0050554172    -0.0050902352     0.0140811052
    0.0067965909     0.0018983215     0.0153316608
    0.0037196941     0.0073955670     0.0155747850
   -0.0026926489     0.0088578966     0.0154093653
   -0.0094869931     0.0041815086     0.0138982954
   -0.0117774465    -0.0057735422     0.0089677519
   -0.0067065013    -0.0151606937    -0.0016140407
   -0.0084812980    -0.0130351018    -0.0055747376
   -0.0079197441    -0.0113616030     0.0031795721
   -0.0014671800    -0.0074870600     0.0126733518
   -0.0012177616    -0.0019916409     0.0160035036
   -0.0067283012    -0.0043455484     0.0138559747
   -0.0078484121    -0.0127865343     0.0035125215
   -0.0059764392    -0.0100847236     0.0087339745
   -0.0012458086     0.0020948113     0.0032596366
   -0.0024105034     0.0004573507     0.0041318209
   -0.0015414169    -0.0019812602     0.0034444063
   -0.0025932343     0.0049423355     0.0007539710
   -0.0051279681     0.0031214915     0.0019828898
   -0.0056161957    -0.0006719817     0.0023186365
   -0.0031868849    -0.0034982948     0.0017406342
   -0.0004048403     0.0059376668    -0.0059564952
   -0.0030130463     0.0061917021    -0.0037832967
   -0.0060668708     0.0037515985    -0.0025513705
   -0.0067322469    -0.0003070696    -0.0018855932
   -0.0044784934    -0.0035075828    -0.0015312460
   -0.0011833170    -0.0039292633    -0.0013630547
    0.0018496754     0.0061826778    -0.0097655618
   -0.0027631904     0.0043303319    -0.0075828352
   -0.0043523759     0.0003780334    -0.0063157782
   -0.0024587320    -0.0026010240    -0.0049586398
    0.0077026980     0.0063629003    -0.0125640436
    0.0018041445     0.0035449863    -0.0097798398
    0.0005982546     0.0004675697    -0.0077317681
    0.0000578053    -0.0019478527     0.0026382054
   -0.0039770291    -0.0007112457     0.0004170553
   -0.0032952694    -0.0034046015     0.0009967918
   -0.0008421367    -0.0049821229     0.0012329284
    0.0018486830    -0.0044841585     0.0012219178
    0.0031406889    -0.0026527726     0.0009275492
   -0.0041359714     0.0019234924    -0.0021192427
   -0.0050077937    -0.0017622303    -0.0022861702
   -0.0028106676    -0.0050957565    -0.0026906034
    0.0010159884    -0.0057856080    -0.0028715587
    0.0038576798    -0.0036634107    -0.0028671607
    0.0039972292    -0.0006579731    -0.0031921522
   -0.0033998141     0.0049382979    -0.0046246586
   -0.0044443506     0.0005052312    -0.0057220765
   -0.0019864984    -0.0027027236    -0.0067815628
    0.0016849441    -0.0023174573    -0.0070621976
    0.0030277026     0.0012167782    -0.0069453911
    0.0003232056     0.0058326093    -0.0082770735
   -0.0013337398     0.0098969072    -0.0064747183
   -0.0022854379     0.0041709512    -0.0081208716
    0.0001424371     0.0039079802    -0.0089028114
   -0.0007698820     0.0105257377    -0.0086769824
   -0.0008634802     0.0117405705    -0.0077971309
   -0.0015840895     0.0004933432     0.0070641627
    0.0000031572     0.0030277739     0.0057282033
   -0.0032679304     0.0027706843     0.0042830212
   -0.0047404875     0.0006129715     0.0043093456
   -0.0033906990    -0.0025977258     0.0058784997
    0.0006736869    -0.0031330810     0.0070425524
    0.0025152198     0.0002777648     0.0069004739
    0.0032381660     0.0025949758     0.0040844574
    0.0000590946     0.0034561897     0.0036573571
   -0.0053566272    -0.0003766247     0.0009119953
   -0.0049383159    -0.0032897472     0.0021145735
   -0.0022903211    -0.0058127003     0.0031828358
    0.0016274016    -0.0060508657     0.0038911534
    0.0046564260    -0.0036586863     0.0041938878
    0.0051685324    -0.0001184248     0.0041990012
   -0.0025039551    -0.0051240180    -0.0008168451
    0.0002348990    -0.0061645536    -0.0005604176
    0.0031270387    -0.0054686404    -0.0002191742
    0.0049585303    -0.0033581635     0.0002584257
    0.0051541557    -0.0009176972     0.0010730090
    0.0019007787     0.0019193241     0.0035746033
    0.0014363214    -0.0042271979     0.0028757131
    0.0029079660    -0.0027062896     0.0042652164
    0.0033928394     0.0000728109     0.0045095180
    0.0038577164     0.0021861129     0.0030860410
    0.0024302605    -0.0055059935     0.0020060373
    0.0051271245    -0.0035484332     0.0028187250
    0.0057490003    -0.0002026328     0.0031441232
    0.0055659962     0.0017020759     0.0008670246
    0.0039072761     0.0018497257     0.0025511009
    0.0005246970    -0.0060366639    -0.0010392202
    0.0034818627    -0.0059645580    -0.0008340354
    0.0061608567    -0.0038904490    -0.0004799734
    0.0069099640    -0.0006785590     0.0000215505
    0.0055943434     0.0001116947    -0.0017275139
    0.0014366989    -0.0053512064    -0.0042647438
    0.0043549332    -0.0041471378    -0.0041844663
    0.0057368450    -0.0015281881    -0.0034778189
    0.0046968228    -0.0042445539    -0.0042570206
   -0.0026243134    -0.0027878275    -0.0073740731
    0.0000358813    -0.0036720001    -0.0068903895
    0.0022206857    -0.0030788848    -0.0061463235
   -0.0006582064    -0.0006399702     0.0056899072
    0.0011021437     0.0013303281     0.0061104000
   -0.0022117119     0.0013435198     0.0062188160
   -0.0034682271    -0.0009514007     0.0048161462
    0.0020319513    -0.0003594835     0.0048212221
    0.0036595789     0.0011414464     0.0037892220
    0.0020399138     0.0036777482     0.0050495785
   -0.0016466795     0.0046491284     0.0052597470
   -0.0048109043     0.0029066339     0.0043563609
   -0.0055241852     0.0001043242     0.0031377791
    0.0036584675     0.0003654187     0.0019220649
    0.0035450181     0.0030312358     0.0028212225
    0.0008571437     0.0056842592     0.0030401297
   -0.0031408162     0.0059865623     0.0023355293
   -0.0060489418     0.0039173740     0.0010320393
   -0.0066071487     0.0013493778    -0.0000875869
    0.0034155899     0.0019075376     0.0031122602
    0.0013613232     0.0047689046     0.0024122513
   -0.0023634609     0.0057915432     0.0008489565
   -0.0056746376     0.0043503164    -0.0013449935
   -0.0069259423     0.0019014477    -0.0036856048
   -0.0081004527     0.0030518449    -0.0007036821
    0.0159805852     0.0052817090     0.0085830967
    0.0097715512     0.0138138642     0.0094808877
   -0.0012564988     0.0162389788     0.0089667066
   -0.0121859136     0.0098121852     0.0070246316
    0.0190132929     0.0042446440    -0.0004516684
    0.0147665590     0.0142631924     0.0001346779
    0.0050984772     0.0197425549     0.0005437529
   -0.0064764431     0.0181311220     0.0009950399
   -0.0155461202     0.0088771240     0.0017449121
    0.0160778027    -0.0063421879    -0.0016838430
    0.0169526443     0.0040998778    -0.0098105568
    0.0113455443     0.0144330953    -0.0100322085
    0.0000956068     0.0183686655    -0.0091393882
   -0.0115994920     0.0136643402    -0.0068222838
   -0.0182435496     0.0014527863    -0.0023826115
    0.0014853111    -0.0159067420    -0.0060283548
    0.0137985023    -0.0078829650    -0.0085825784
    0.0099742001     0.0024382315    -0.0170217179
    0.0025051523     0.0102498535    -0.0173336218
   -0.0086696467     0.0092495116    -0.0147069137
   -0.0163723865    -0.0002055311    -0.0088045934
    0.0082837061    -0.0091113363    -0.0136588143
   -0.0015127034    -0.0009995072    -0.0190409282
   -0.0107072833    -0.0031986753    -0.0149225947
    0.0006250452    -0.0103400665    -0.0152943347
   -0.0072803022    -0.0117833023    -0.0125564091
   -0.0022467983     0.0011191646     0.0008344419
   -0.0008919255     0.0009366917     0.0017381609
   -0.0016970387     0.0001850995     0.0007926622
   -0.0015930365    -0.0001302630    -0.0002494396
   -0.0012140816    -0.0000815787    -0.0007957694
   -0.0014218723     0.0001637428    -0.0008859334
   -0.0025318315     0.0000069924    -0.0003332201
   -0.0020981127    -0.0007539677     0.0007283678
   -0.0010889385    -0.0006661124    -0.0002716636
   -0.0002909850    -0.0005055170    -0.0003405316
    0.0000264854    -0.0003956905    -0.0003956674
   -0.0001555953    -0.0001546051    -0.0008596380
   -0.0009478812     0.0000395162    -0.0011426154
   -0.0020324078    -0.0006036538    -0.0008851627
   -0.0017862714    -0.0003765217    -0.0000266724
   -0.0005836790     0.0001156668     0.0002934222
   -0.0004198899     0.0002173783     0.0013415382
   -0.0003746548    -0.0005333575     0.0015191710
    0.0001500454    -0.0008376627     0.0004206255
    0.0002670101    -0.0002349506    -0.0006925712
   -0.0002850585     0.0001829273    -0.0011656311
   -0.0009383668    -0.0001151315    -0.0012871360
   -0.0012781376    -0.0010102411    -0.0013437282
   -0.0009983088    -0.0022329530    -0.0013580355
    0.0021810951    -0.0014689746    -0.0000278821
   -0.0022062168     0.0004995077    -0.0012597005
   -0.0009906812     0.0017689007    -0.0002780024
   -0.0004638593    -0.0016878444     0.0005471447
    0.0004433652    -0.0004669369    -0.0005685682
    0.0002210165     0.0003628630    -0.0009589150
   -0.0002114073     0.0005269145    -0.0010379539
   -0.0005134778     0.0003570942    -0.0010812614
   -0.0006567738     0.0000206992    -0.0011882493
   -0.0006205799    -0.0004135475    -0.0013611258
   -0.0004260826    -0.0008527103    -0.0014864129
   -0.0001446847    -0.0012271392    -0.0013850434
    0.0001634825    -0.0015600231    -0.0009314377
    0.0005596093    -0.0020765837     0.0001284798
   -0.0005714842     0.0023891845    -0.0036752541
   -0.0002994165    -0.0017763453    -0.0006222028
    0.0005621054    -0.0000875991    -0.0008414231
    0.0002142625     0.0007234900    -0.0007421315
   -0.0002695227     0.0008131375    -0.0004535581
   -0.0005425864     0.0005874457    -0.0001067729
   -0.0005579152     0.0003432446     0.0000848824
   -0.0005363157     0.0002288153    -0.0000425171
   -0.0006985527     0.0000219266    -0.0003748971
   -0.0008482753    -0.0005619306    -0.0006133762
   -0.0006565614    -0.0015685601    -0.0005062543
    0.0024769988     0.0019270012    -0.0083107566
   -0.0000277354    -0.0013817077    -0.0018053149
    0.0006438523     0.0003034944    -0.0010564074
   -0.0000566718     0.0010006917    -0.0005196811
   -0.0009641049     0.0005866985     0.0000840419
   -0.0012722508    -0.0005586626     0.0007557489
    0.0002945356    -0.0005751077     0.0005825004
   -0.0003196381    -0.0005515702    -0.0000791527
   -0.0006111463    -0.0016366404    -0.0005858007
    0.0005996319    -0.0003537343    -0.0033063575
    0.0009354208     0.0007875637    -0.0016112165
   -0.0001935351     0.0014371672    -0.0007661221
   -0.0019025217     0.0005678212    -0.0003526357
    0.0012064056    -0.0007080634    -0.0006615756
   -0.0001832662    -0.0009888888    -0.0014488269
    0.0087236179     0.0042301474    -0.0069300541
    0.0043464084     0.0029522695    -0.0056476404
    0.0027387134     0.0019861737    -0.0036062562
    0.0015756094     0.0022701645    -0.0018871601
   -0.0004682309     0.0024366814    -0.0012729540
    0.0004493316     0.0007523863    -0.0030760617
    0.0083296339     0.0059343990    -0.0027938257
    0.0042299488     0.0048205723    -0.0020428866
    0.0012466945     0.0045291310    -0.0016406994
    0.0025265008     0.0078444188    -0.0012825829
    0.0016358995     0.0125554614    -0.0009455560
   -0.0005277813     0.0006774589     0.0020027603
    0.0001918920    -0.0001739806     0.0025169543
   -0.0011786448    -0.0004431151     0.0026537932
    0.0004998689     0.0003585540     0.0017847601
    0.0009999970     0.0000256737     0.0015628407
    0.0014769544     0.0002352866     0.0015535920
    0.0008779951     0.0001662915     0.0013632164
    0.0007935996     0.0001454145     0.0009910263
    0.0014946400     0.0000335952     0.0014228116
   -0.0032140090    -0.0005298769     0.0010316281
    0.0011282081    -0.0003953591     0.0014705351
    0.0008659403     0.0001561172     0.0013475605
    0.0006213926     0.0003944855     0.0013084044
    0.0007440426    -0.0001013722     0.0010296181
    0.0017832938     0.0002432825     0.0015420096
    0.0011119015    -0.0017977485     0.0015696610
    0.0012881221     0.0003403240     0.0021854206
    0.0013917650     0.0009148480     0.0019988438
    0.0007064915     0.0000314366     0.0016648826
    0.0011342945    -0.0001876244     0.0019758213
    0.0017169643     0.0009099446     0.0023344537
   -0.0037630713     0.0001303569    -0.0030122958
   -0.0019237113     0.0004807381    -0.0032958819
    0.0004123849    -0.0031144370     0.0007163082
    0.0018183780     0.0001520883     0.0023373150
    0.0021343023     0.0001176801     0.0033098688
    0.0021068042     0.0013946586     0.0041239288
    0.0006757329     0.0030864743     0.0040478648
   -0.0021556752     0.0037493740     0.0025858822
   -0.0052284554    -0.0006434463    -0.0029428548
   -0.0030859897    -0.0024457760    -0.0053201012
   -0.0003682007    -0.0017315644    -0.0066208653
    0.0009133844     0.0016986104    -0.0067658617
    0.0040151708    -0.0002130648     0.0024577156
    0.0052194113     0.0009575763     0.0045039481
    0.0050034638     0.0040782963     0.0065261056
    0.0014396721     0.0070233696     0.0075242231
   -0.0045046176     0.0064087201     0.0060787248
   -0.0084637439     0.0011944745     0.0021063896
    0.0045239752    -0.0019184465    -0.0008428477
    0.0076713787    -0.0015302487     0.0017183176
   -0.0006033089    -0.0002482890    -0.0029586465
   -0.0010982254    -0.0020754101    -0.0035175437
    0.0053575822    -0.0058749284    -0.0024279855
   -0.0016435163     0.0036471071    -0.0048209941
   -0.0035578182     0.0012621642    -0.0039815513
   -0.0035076139    -0.0010747150    -0.0043923006
   -0.0021057481    -0.0028263990    -0.0046653232
    0.0003530976    -0.0043252790    -0.0038360761
   -0.0068864347     0.0071853392    -0.0027130834
   -0.0083535197     0.0026335255    -0.0026080933
   -0.0078306393    -0.0022212475    -0.0029638955
   -0.0099625424     0.0014313806     0.0028810868
   -0.0072668616    -0.0056615066    -0.0009469633
   -0.0016423230    -0.0091630042    -0.0037082541
    0.0042043900    -0.0086846574    -0.0056414686
    0.0082346259    -0.0050734995    -0.0070536752
    0.0092404555     0.0003176247    -0.0085590217
   -0.0103825651    -0.0027081407     0.0014635703
   -0.0045187801    -0.0091174542     0.0002855634
    0.0024470590    -0.0108693662    -0.0006457041
    0.0083286918    -0.0087962659    -0.0015344413
    0.0117678496    -0.0043389026    -0.0025530690
    0.0123274485     0.0007456865    -0.0039097926
    0.0105407597     0.0046687951    -0.0057215066
   -0.0104699605    -0.0036674637     0.0010509066
   -0.0037108768    -0.0094269623     0.0025268449
    0.0034921756    -0.0103536270     0.0032087655
    0.0091615636    -0.0076769331     0.0031978070
    0.0122477145    -0.0030425346     0.0025838627
    0.0126629708     0.0018472844     0.0015434716
    0.0110628076     0.0057916946     0.0004361412
    0.0081519740     0.0086211517    -0.0004391069
    0.0015853535    -0.0086800684    -0.0038845353
   -0.0113337804    -0.0024597991    -0.0011620596
   -0.0050903426    -0.0081910033     0.0033512363
    0.0019952689    -0.0090600141     0.0058707226
    0.0075440858    -0.0062742852     0.0068977214
    0.0104316311    -0.0016210571     0.0068392820
    0.0106594731     0.0032197537     0.0061498315
    0.0088722011     0.0072998709     0.0052468248
    0.0057508283     0.0104138662     0.0041941149
    0.0020225074     0.0123751577     0.0028799388
   -0.0017058493     0.0126090119     0.0021201654
   -0.0056745612     0.0106923450     0.0022561433
   -0.0090790680     0.0066014871     0.0021608552
   -0.0102190225     0.0008301021     0.0013054682
   -0.0077389249    -0.0053839636    -0.0005164138
   -0.0009901974    -0.0098669917    -0.0038439012
   -0.0091982829    -0.0051625135    -0.0010651358
   -0.0033748709    -0.0080037653     0.0048945462
    0.0026736017    -0.0067469126     0.0081974714
    0.0065185242    -0.0027456921     0.0095537162
    0.0074485593     0.0020570341     0.0097304050
    0.0058643350     0.0062522702     0.0093945907
    0.0024860921     0.0090209185     0.0089099642
   -0.0019343138     0.0095583381     0.0084648266
   -0.0064344195     0.0071474389     0.0078768856
   -0.0092816103     0.0018680273     0.0063794364
   -0.0085259828    -0.0048156358     0.0031657993
   -0.0035242942    -0.0099221697    -0.0025887136
   -0.0081433117    -0.0059185719    -0.0041932839
   -0.0048249794    -0.0075028155     0.0036843731
    0.0003674936    -0.0058939355     0.0086989467
    0.0031947177    -0.0016792853     0.0110021812
    0.0023932296     0.0024764720     0.0117409547
   -0.0012245456     0.0042109351     0.0116349898
   -0.0055613930     0.0019341436     0.0103927195
   -0.0074558795    -0.0038334684     0.0068359554
   -0.0052345211    -0.0091602415    -0.0000317324
   -0.0056638736    -0.0084799161    -0.0013728638
   -0.0049802257    -0.0076625279     0.0031978735
   -0.0015425391    -0.0052417595     0.0088895189
   -0.0015592156    -0.0020835303     0.0109582817
   -0.0046848710    -0.0034606228     0.0092789496
   -0.0055096718    -0.0079536988     0.0032179445
   -0.0042241430    -0.0065958841     0.0064017013
   -0.0006504068     0.0003056641     0.0016128676
   -0.0005824036    -0.0005934698     0.0016208922
   -0.0014866694     0.0020729077     0.0006110227
   -0.0023809670     0.0011764193     0.0012852182
   -0.0024012913    -0.0004560291     0.0014217902
   -0.0012506870    -0.0016347248     0.0009900637
   -0.0006842707     0.0030260661    -0.0028043692
   -0.0019960859     0.0030903358    -0.0015474541
   -0.0033513436     0.0017926637    -0.0007694278
   -0.0035313011    -0.0002288704    -0.0004061630
   -0.0023104571    -0.0018023766    -0.0003645549
    0.0018541405     0.0029577308    -0.0067093046
   -0.0004185811     0.0033623938    -0.0046547177
   -0.0023889661     0.0021698179    -0.0036129631
   -0.0029295718     0.0001586755    -0.0029577208
   -0.0019173337    -0.0014283483    -0.0024235899
    0.0043510083     0.0032212695    -0.0075851433
    0.0009392254     0.0025567572    -0.0059911322
   -0.0004136308     0.0008944243    -0.0050001546
    0.0000098557    -0.0003501377    -0.0039824818
    0.0067448714     0.0038409659    -0.0070647740
    0.0034033853     0.0024396989    -0.0057036407
   -0.0011158783    -0.0012469615     0.0010166238
   -0.0001504262    -0.0015673460     0.0011244366
   -0.0024289717    -0.0010125544    -0.0003779264
   -0.0014659657    -0.0024875753    -0.0003540247
    0.0001057985    -0.0029141602    -0.0003722028
    0.0013810749    -0.0022493142    -0.0004361371
    0.0016954133    -0.0011349235    -0.0006460708
   -0.0027121137     0.0007998617    -0.0020454612
   -0.0023362614    -0.0013307031    -0.0024465737
   -0.0007621656    -0.0024882724    -0.0027249264
    0.0009845503    -0.0021865743    -0.0028166702
    0.0018184510    -0.0007725821    -0.0028573752
    0.0011753570     0.0008622260    -0.0032599880
   -0.0017245158     0.0038831357    -0.0031634037
   -0.0020831536     0.0013102137    -0.0040360358
   -0.0008283999    -0.0000127050    -0.0046237415
    0.0005680577     0.0006361692    -0.0047527334
    0.0004326777     0.0029203293    -0.0047397626
   -0.0011208801     0.0050435631    -0.0044873073
   -0.0005564353     0.0049443073    -0.0050274190
   -0.0020679725     0.0102390498    -0.0042659893
   -0.0005658114     0.0109701755    -0.0032259215
   -0.0011661972     0.0002035796     0.0040433643
   -0.0003294654     0.0015144874     0.0034384828
   -0.0020979163     0.0013852198     0.0024515503
   -0.0028406637     0.0002911594     0.0024029400
   -0.0021144290    -0.0014055519     0.0033948169
    0.0000747702    -0.0017376317     0.0041914784
    0.0010663565     0.0000567685     0.0041696440
    0.0017033901     0.0012424538     0.0027949080
    0.0000430537     0.0017895336     0.0024610070
   -0.0032310565    -0.0008024479     0.0007565574
   -0.0026394251    -0.0023613484     0.0015762006
   -0.0010104644    -0.0034460972     0.0022570895
    0.0010271295    -0.0033254792     0.0027012605
    0.0024794194    -0.0020021970     0.0028985285
    0.0026876773    -0.0001917120     0.0029110667
   -0.0021606731    -0.0025454959    -0.0003899865
   -0.0009506008    -0.0035341621    -0.0000615617
    0.0006542354    -0.0037697266     0.0002262648
    0.0021120707    -0.0031577722     0.0004909546
    0.0029465165    -0.0019598260     0.0007839928
    0.0029860522    -0.0006321796     0.0011869153
    0.0015707921    -0.0013648840     0.0023547479
    0.0016668789    -0.0000874465     0.0025048823
    0.0020258670     0.0008157733     0.0021277997
    0.0015625677    -0.0028756792     0.0014848559
    0.0026750065    -0.0017990712     0.0020169691
    0.0028665130    -0.0002704437     0.0022117832
    0.0031986164     0.0006624999     0.0012988765
    0.0005522335    -0.0036249600    -0.0001186886
    0.0022430459    -0.0033804719     0.0002500044
    0.0035627679    -0.0021999648     0.0006013484
    0.0038940573    -0.0005580942     0.0009184536
    0.0037691885    -0.0000023222    -0.0001652810
    0.0002678649    -0.0034207950    -0.0017534107
    0.0018935829    -0.0034308296    -0.0016645642
    0.0033332308    -0.0024725068    -0.0014310139
    0.0039368838    -0.0010386885    -0.0009818160
    0.0036129516    -0.0016086413    -0.0017481866
    0.0000866917    -0.0028278062    -0.0035038144
    0.0016193324    -0.0025995922    -0.0033263321
    0.0026891106    -0.0018722956    -0.0028160396
   -0.0018936683    -0.0024183756    -0.0046630044
   -0.0000991269    -0.0033356329    -0.0042371778
   -0.0006353437    -0.0002855891     0.0031673585
    0.0003197268     0.0006016685     0.0035464106
   -0.0014254045     0.0005680742     0.0035249868
   -0.0021437368    -0.0005443120     0.0026151309
    0.0017740749     0.0004512642     0.0024252081
    0.0011069969     0.0016219966     0.0031777034
   -0.0006160954     0.0023212914     0.0034079822
   -0.0024141433     0.0017923956     0.0029624597
   -0.0032260939     0.0004782899     0.0021553812
    0.0019900403     0.0011899633     0.0020851849
    0.0010055210     0.0026732840     0.0024675600
   -0.0009041700     0.0033914022     0.0023169869
   -0.0028282778     0.0029019183     0.0016739688
   -0.0038885499     0.0016289699     0.0007899025
   -0.0038618830     0.0004022729     0.0001041364
    0.0013154556     0.0023452547     0.0021934195
   -0.0004876796     0.0034742618     0.0016857895
   -0.0026129701     0.0033211679     0.0006686015
   -0.0040517790     0.0021064943    -0.0006735098
   -0.0042985159     0.0007644119    -0.0020177963
   -0.0017974967     0.0037427404     0.0024772865
   -0.0043451391     0.0024928798     0.0001957575
    0.0069567295     0.0072279534     0.0079829981
    0.0013076923     0.0097325230     0.0075681324
   -0.0053064480     0.0081113995     0.0061328218
    0.0124651379     0.0021106036     0.0022894152
    0.0105014150     0.0081365129     0.0029230845
    0.0053233705     0.0121546212     0.0031407845
   -0.0015566810     0.0125652253     0.0030568744
   -0.0080027056     0.0086060721     0.0027077970
    0.0126366480     0.0015640685    -0.0034454808
    0.0109410091     0.0080937421    -0.0033242448
    0.0058087092     0.0125245637    -0.0030763076
   -0.0011604762     0.0133368396    -0.0025861490
   -0.0078247161     0.0098625874    -0.0017139156
   -0.0118584364     0.0023932954    -0.0002102271
    0.0100891550    -0.0050107945    -0.0036045144
    0.0101067575     0.0007628800    -0.0086054296
    0.0079552359     0.0070649369    -0.0090928718
    0.0023748501     0.0106381141    -0.0087776335
   -0.0045074198     0.0100536759    -0.0075636469
   -0.0101410314     0.0051545911    -0.0052219309
    0.0076453036    -0.0059828975    -0.0072777410
    0.0051703353    -0.0003251228    -0.0120490102
    0.0016245070     0.0045461571    -0.0125817323
   -0.0045355928     0.0049826997    -0.0112082795
   -0.0097035148     0.0005274416    -0.0077855608
    0.0036698951    -0.0068433987    -0.0094724769
   -0.0021112937    -0.0022482388    -0.0122668913
   -0.0074385411    -0.0038301117    -0.0091830436
   -0.0011171353    -0.0077387506    -0.0095050273
   -0.0009626953     0.0008979987     0.0016128407
   -0.0014619818     0.0005436783     0.0006753748
   -0.0017759259     0.0003490002     0.0006444622
    0.0001594905     0.0008806964     0.0018455475
   -0.0006835591     0.0005891024     0.0012498996
   -0.0011856991     0.0002207462     0.0006326231
   -0.0012255013     0.0000193839    -0.0000177265
   -0.0010841714     0.0000112666    -0.0003968347
   -0.0012014033     0.0000851890    -0.0004311318
   -0.0016977056    -0.0000672312    -0.0000340217
   -0.0013682883    -0.0003289423     0.0003722717
   -0.0009701558    -0.0003662985    -0.0002631961
   -0.0005538274    -0.0003020874    -0.0005100282
   -0.0003760017    -0.0001886188    -0.0006251231
   -0.0005212810    -0.0000565874    -0.0007460683
   -0.0009820867    -0.0000612399    -0.0007097337
   -0.0015385223    -0.0005134026    -0.0003656153
   -0.0017312302    -0.0015089343     0.0002858725
   -0.0015447028    -0.0003872440     0.0001521856
   -0.0008018948    -0.0003289858    -0.0002529093
   -0.0003359249    -0.0002280760    -0.0001589398
   -0.0001194957    -0.0002563259    -0.0000468928
    0.0000035760    -0.0003074407    -0.0002422877
   -0.0000101611    -0.0001658127    -0.0006166656
   -0.0002865919     0.0000154996    -0.0008623009
   -0.0007210911    -0.0000693110    -0.0008926734
   -0.0010757466    -0.0005340468    -0.0007814974
   -0.0011181369    -0.0012999724    -0.0005834983
   -0.0006671608    -0.0021133311    -0.0003207889
    0.0017146244    -0.0009368139     0.0005959489
    0.0013888417    -0.0003866403     0.0009052906
   -0.0009194807     0.0000791064    -0.0004683680
   -0.0005620163     0.0003706381     0.0000302180
   -0.0006561828     0.0002418564     0.0005975311
   -0.0005843973    -0.0003051921     0.0006483058
   -0.0001451399    -0.0005820273     0.0001405094
    0.0001795932    -0.0003129942    -0.0004525773
    0.0000992174     0.0000778233    -0.0007991907
   -0.0002105316     0.0002192113    -0.0009196877
   -0.0005083054     0.0000719796    -0.0009489497
   -0.0006700174    -0.0002797688    -0.0009643540
   -0.0006241108    -0.0007404953    -0.0009773896
   -0.0003435866    -0.0011711354    -0.0009672682
    0.0000879062    -0.0014187190    -0.0008954439
    0.0004965997    -0.0014320674    -0.0007162147
    0.0007553409    -0.0013050474    -0.0003874699
    0.0008878600    -0.0011614287     0.0001488176
   -0.0008937500     0.0005764798    -0.0014956364
   -0.0008068291     0.0012883367    -0.0006786459
   -0.0004356268    -0.0009262855    -0.0000415555
    0.0002367476    -0.0004031639    -0.0005184963
    0.0002971815     0.0001678994    -0.0007438653
    0.0000607401     0.0004516108    -0.0007900012
   -0.0002016514     0.0004820680    -0.0007633875
   -0.0003926537     0.0003681741    -0.0007321216
   -0.0004932041     0.0001764083    -0.0007354933
   -0.0005114154    -0.0000546663    -0.0007859612
   -0.0004721713    -0.0003098146    -0.0008498474
   -0.0003853260    -0.0005957585    -0.0008530903
   -0.0002304599    -0.0009156843    -0.0007208174
    0.0000248612    -0.0012769760    -0.0003792328
   -0.0001230303     0.0015592666    -0.0028178551
   -0.0002250253    -0.0008996313    -0.0007239037
    0.0003999542    -0.0001273247    -0.0007673915
    0.0003382335     0.0004650156    -0.0007116817
    0.0000227568     0.0006879461    -0.0005768389
   -0.0002753287     0.0006387649    -0.0003948515
   -0.0004422078     0.0004535630    -0.0002189958
   -0.0004675061     0.0002638929    -0.0001255883
   -0.0004498770     0.0001409895    -0.0001658865
   -0.0004991007     0.0000121418    -0.0003094352
   -0.0005843365    -0.0002663049    -0.0004565095
   -0.0005574691    -0.0007551064    -0.0005026484
   -0.0002714420    -0.0015018196    -0.0003302566
    0.0019777781     0.0011989276    -0.0051414325
    0.0000398987    -0.0005923864    -0.0014190110
    0.0005474974     0.0001673390    -0.0009925585
    0.0003401263     0.0007279889    -0.0006855094
   -0.0001580520     0.0008300517    -0.0004081419
   -0.0005978947     0.0005133968    -0.0001155259
   -0.0007274293    -0.0000259109     0.0001594999
   -0.0004897310    -0.0004443019     0.0003252333
   -0.0001561728    -0.0004873987     0.0003033152
   -0.0000830485    -0.0003021297     0.0001023541
   -0.0002914302    -0.0002867129    -0.0001876112
   -0.0004877076    -0.0006786243    -0.0004652910
   -0.0003517603    -0.0016284860    -0.0006543336
    0.0052300422     0.0010728004    -0.0060402393
    0.0005785957     0.0000806199    -0.0022912288
    0.0008520656     0.0005455884    -0.0014040491
    0.0004954121     0.0010497028    -0.0008511548
   -0.0002650388     0.0010894616    -0.0005257576
   -0.0010182647     0.0004931976    -0.0003189064
   -0.0012806617    -0.0005847744    -0.0001888327
    0.0003963109    -0.0004756623    -0.0004611638
   -0.0001677523    -0.0004298948    -0.0008141821
   -0.0005122955    -0.0011886087    -0.0013484665
    0.0054575160     0.0022330518    -0.0043595313
    0.0030822209     0.0018194141    -0.0036381538
    0.0021119929     0.0013778845    -0.0025739547
    0.0015452803     0.0014942936    -0.0015793903
    0.0006891837     0.0017615840    -0.0009813447
   -0.0004951730     0.0015644683    -0.0008176978
   -0.0015521180     0.0005351502    -0.0010218365
    0.0003077880     0.0001576253    -0.0016421868
   -0.0008051961     0.0000672890    -0.0020889809
    0.0075712790     0.0033915016    -0.0020439565
    0.0045381199     0.0031034078    -0.0018384464
    0.0027333143     0.0029209583    -0.0013029247
    0.0012046447     0.0029018214    -0.0009909777
   -0.0003766352     0.0025422784    -0.0012162798
   -0.0013293455     0.0020184249    -0.0027957188
    0.0044313202     0.0049728067    -0.0001737294
    0.0018790725     0.0045982069    -0.0006106687
   -0.0001366808     0.0040422075    -0.0015335556
   -0.0016039832     0.0046031446    -0.0030014907
    0.0029950581     0.0071303979     0.0007049983
    0.0005282979     0.0065300357    -0.0009358136
   -0.0014302591     0.0074393173    -0.0019317821
   -0.0001065279     0.0000596096     0.0015253966
   -0.0008414642    -0.0000498581     0.0014477145
    0.0002191727     0.0003183530     0.0013438959
    0.0004756912     0.0000740119     0.0012145410
    0.0003854448     0.0000986716     0.0018160868
    0.0009699986     0.0002415192     0.0013090329
    0.0005575750     0.0001277666     0.0011026016
    0.0005793574     0.0000647170     0.0009060996
    0.0007528705     0.0000865237     0.0012063318
    0.0008651026    -0.0001938846     0.0009737775
    0.0006426694     0.0000190435     0.0009470837
    0.0005432962     0.0000812347     0.0008825568
    0.0006083857     0.0000094568     0.0008810557
    0.0009413684     0.0001929480     0.0012296116
   -0.0020312880    -0.0001251887    -0.0000844465
    0.0009031113    -0.0008195565     0.0007854273
    0.0008445022    -0.0004057794     0.0011103007
    0.0007085013    -0.0000147292     0.0010698042
    0.0007144969     0.0001727413     0.0011312709
    0.0005632142     0.0000019671     0.0010294970
    0.0007655253     0.0000117721     0.0012066154
    0.0010458698     0.0005677659     0.0015364108
   -0.0020101212     0.0000678720    -0.0012672848
    0.0009854873    -0.0013123120     0.0011005806
    0.0013183719    -0.0006612807     0.0015238993
    0.0011338537     0.0000095104     0.0014296854
    0.0013336670     0.0003049890     0.0013348537
    0.0009223578     0.0000791060     0.0013501320
    0.0009692063     0.0000028966     0.0016248663
    0.0011032893     0.0003996992     0.0019704382
    0.0009129527     0.0012362760     0.0021431070
    0.0000795367     0.0021849861     0.0019383028
   -0.0026299041    -0.0003513202    -0.0022297574
   -0.0014870683    -0.0004832452    -0.0028996156
   -0.0006342492     0.0004913864    -0.0028975622
    0.0006852167    -0.0021520808     0.0004713778
    0.0017494146     0.0000686327     0.0015124926
    0.0018963283     0.0001724250     0.0021461953
    0.0019920515     0.0008962823     0.0028066096
    0.0014438522     0.0019882320     0.0032179343
    0.0000174229     0.0028426309     0.0030643642
   -0.0019506916     0.0027655999     0.0021536839
   -0.0035542108     0.0014597906     0.0005827562
   -0.0038604199    -0.0005456218    -0.0012887330
   -0.0026834483    -0.0021345649    -0.0030322553
   -0.0007583920    -0.0024230657    -0.0043104021
    0.0008468074    -0.0012324697    -0.0049539127
    0.0029800330    -0.0002289235     0.0013177788
    0.0036985644     0.0004279538     0.0023938094
    0.0040612280     0.0020846164     0.0035131040
    0.0030681373     0.0042414293     0.0044246716
    0.0003213382     0.0056155265     0.0046354308
   -0.0032627426     0.0048046914     0.0036985669
   -0.0056928124     0.0016015401     0.0016656370
   -0.0003324896    -0.0017244634    -0.0011775566
    0.0031432329    -0.0013584970    -0.0005676573
    0.0046789953    -0.0009820421     0.0006390436
    0.0067670791     0.0007621893     0.0019449502
   -0.0008780943    -0.0007991911    -0.0019797300
   -0.0004668776    -0.0017769954    -0.0022989662
    0.0034383519    -0.0031431109    -0.0015998460
    0.0074973467    -0.0022567893    -0.0009224098
   -0.0018433508     0.0010807173    -0.0025513321
   -0.0021981093    -0.0002489727    -0.0025838513
   -0.0016627013    -0.0014387356    -0.0028281141
   -0.0005555376    -0.0022119218    -0.0028304672
    0.0009699069    -0.0027644612    -0.0023420959
   -0.0034525084     0.0041093346    -0.0023084453
   -0.0043981988     0.0019589798    -0.0020309070
   -0.0044154291    -0.0002394085    -0.0021752385
   -0.0034212347    -0.0023897193    -0.0023929362
   -0.0010957832    -0.0044494290    -0.0025953652
   -0.0038288242    -0.0042649132    -0.0021961465
   -0.0005460558    -0.0055740679    -0.0039256069
    0.0026269282    -0.0048005399    -0.0051679404
    0.0046519178    -0.0023108590    -0.0060828775
   -0.0072822331     0.0011378766     0.0013991589
   -0.0053159805    -0.0039148723    -0.0001261921
   -0.0015381463    -0.0067096028    -0.0013131771
    0.0025852504    -0.0070343425    -0.0022484097
    0.0059055479    -0.0052919491    -0.0030477424
    0.0076743421    -0.0022448480    -0.0038777679
    0.0075542259     0.0011461329    -0.0050750980
   -0.0062431125    -0.0033644765     0.0006043359
   -0.0021588153    -0.0068115628     0.0006716638
    0.0023607045    -0.0075696019     0.0005823942
    0.0061620492    -0.0061251812     0.0002995573
    0.0085317724    -0.0032889591    -0.0002104374
    0.0092437231    -0.0000253075    -0.0009607151
    0.0085687485     0.0027568039    -0.0018451067
   -0.0058563163    -0.0040752120     0.0008126177
   -0.0016175696    -0.0067819084     0.0021964174
    0.0027571203    -0.0069703866     0.0029728915
    0.0062614448    -0.0052192067     0.0032234593
    0.0083495474    -0.0023489395     0.0030381790
    0.0089343460     0.0007952488     0.0025548852
    0.0082731577     0.0035968912     0.0019786472
    0.0066921740     0.0058564754     0.0014659029
   -0.0033460146     0.0073161350    -0.0017621991
   -0.0035956908    -0.0042006224    -0.0021337233
    0.0006891160    -0.0060175156    -0.0030043390
   -0.0062065226    -0.0036635203     0.0001283877
   -0.0023876409    -0.0060701404     0.0028711877
    0.0017268035    -0.0061075532     0.0045777659
    0.0050098836    -0.0042906743     0.0054313890
    0.0068878225    -0.0014420593     0.0056381305
    0.0072850413     0.0016367752     0.0054333337
    0.0064331571     0.0044134178     0.0050280553
    0.0046484329     0.0066440358     0.0044929698
    0.0022994744     0.0081551459     0.0037864882
   -0.0001897289     0.0086984554     0.0031237115
   -0.0026966308     0.0080749737     0.0028692545
   -0.0051126978     0.0061974879     0.0027644822
   -0.0067828920     0.0031777290     0.0023362108
   -0.0069322595    -0.0005465820     0.0013769408
   -0.0050585491    -0.0041671085    -0.0002502234
   -0.0011568109    -0.0064921814    -0.0027631215
   -0.0064699212    -0.0030454023    -0.0022023798
   -0.0037689654    -0.0053176358     0.0021541989
    0.0000169917    -0.0054279999     0.0050836182
    0.0031453182    -0.0035494940     0.0067173170
    0.0047103060    -0.0006106438     0.0073953594
    0.0045739395     0.0024114670     0.0074962292
    0.0030327413     0.0048243253     0.0072974631
    0.0005510053     0.0061233479     0.0069501871
   -0.0023450173     0.0058683803     0.0065363859
   -0.0049849934     0.0038383959     0.0058729018
   -0.0063882977     0.0003247910     0.0045290338
   -0.0056760898    -0.0036588062     0.0021121542
   -0.0028291445    -0.0064289065    -0.0016489412
   -0.0025233131    -0.0060773229    -0.0044057497
   -0.0035771249    -0.0043825409    -0.0062123774
   -0.0051991901    -0.0041790711    -0.0034445390
   -0.0041906837    -0.0051749361     0.0012315511
   -0.0012490106    -0.0049471988     0.0050668299
    0.0012584829    -0.0028937477     0.0073408083
    0.0019102276    -0.0000997316     0.0083593328
    0.0006049103     0.0020196498     0.0085887953
   -0.0019121719     0.0023515485     0.0082183509
   -0.0043303747     0.0003996028     0.0070045259
   -0.0051309135    -0.0030953536     0.0044138043
   -0.0038720612    -0.0059705281     0.0002239587
   -0.0039820058    -0.0057250142    -0.0002717442
   -0.0034172659    -0.0052999964     0.0026315051
   -0.0012626863    -0.0036806013     0.0064111456
   -0.0013697720    -0.0015934231     0.0077579711
   -0.0034233413    -0.0024832988     0.0064583087
   -0.0039786991    -0.0052797976     0.0024787635
   -0.0030772206    -0.0044894511     0.0046733537
   -0.0011131133     0.0004767843     0.0006123798
   -0.0010415360    -0.0003203800     0.0006867523
   -0.0008509622     0.0016325196    -0.0011630255
   -0.0015564216     0.0013143071    -0.0004952206
   -0.0019354288     0.0003690674    -0.0001307789
   -0.0015675970    -0.0006499073    -0.0000590753
   -0.0001803421     0.0019304240    -0.0028779727
   -0.0012766560     0.0015792243    -0.0020952846
   -0.0018552571     0.0006111857    -0.0016248180
   -0.0016378585    -0.0004361410    -0.0013378422
   -0.0007838012    -0.0010064861    -0.0011624629
    0.0027166455     0.0016035511    -0.0051170987
    0.0006604598     0.0017677034    -0.0038719881
   -0.0005128015     0.0009768927    -0.0031759365
   -0.0006180046    -0.0000002829    -0.0026383728
    0.0031303690     0.0018935653    -0.0045002244
    0.0015669347     0.0012172547    -0.0037341039
   -0.0003872343    -0.0011822007     0.0001836818
    0.0002013443    -0.0010939131     0.0001460904
   -0.0015010223    -0.0005428997    -0.0008607496
   -0.0008175330    -0.0013866098    -0.0009374401
    0.0001130137    -0.0015252670    -0.0009955001
    0.0007520662    -0.0010326334    -0.0010617634
   -0.0014325706     0.0015293265    -0.0016866256
   -0.0014295886     0.0000870092    -0.0020414512
   -0.0006327396    -0.0006992989    -0.0022899532
    0.0002751249    -0.0005356109    -0.0023889484
    0.0005617701     0.0003824815    -0.0024466893
   -0.0011112815     0.0022517926    -0.0026250316
   -0.0006820431     0.0013671858    -0.0030760546
   -0.0001803932     0.0018063926    -0.0031773876
   -0.0007650380     0.0034840174    -0.0030986577
   -0.0005418009     0.0051704204    -0.0023069416
   -0.0008237777     0.0051531816    -0.0026676064
   -0.0008878059     0.0000418072     0.0025435664
   -0.0004044573     0.0007857218     0.0022797150
   -0.0014543960     0.0007215244     0.0015950885
   -0.0018633827     0.0001067887     0.0015094793
   -0.0014273789    -0.0008658889     0.0021411452
   -0.0001492916    -0.0010812940     0.0026988648
    0.0004322799    -0.0000620254     0.0027388855
    0.0008867772     0.0006490438     0.0020521809
   -0.0017530832    -0.0014479760     0.0010820830
   -0.0007759304    -0.0021161495     0.0015840230
    0.0004575980    -0.0020748721     0.0019269953
    0.0013480762    -0.0013073581     0.0020987339
    0.0014876516    -0.0002265704     0.0021342395
   -0.0007409150    -0.0023192263     0.0002136397
    0.0003056138    -0.0024996008     0.0004740264
    0.0012637370    -0.0021292388     0.0006912822
    0.0018232278    -0.0013685963     0.0009044132
    0.0018625175    -0.0004938691     0.0011573438
    0.0015239211    -0.0011455352     0.0013614070
    0.0016262066    -0.0002902771     0.0015241016
    0.0019631466     0.0002169086     0.0011998007
    0.0014056310    -0.0021055892     0.0004669288
    0.0021455204    -0.0014030014     0.0007683448
    0.0023347678    -0.0004754116     0.0009924868
    0.0025799817    -0.0001158834     0.0004169579
    0.0005766949    -0.0024205544    -0.0007196777
    0.0015801885    -0.0022425344    -0.0005375178
    0.0023595535    -0.0016016725    -0.0003106366
    0.0026789337    -0.0007649369    -0.0000166459
    0.0027919798    -0.0008183596    -0.0005557796
    0.0007682074    -0.0021909338    -0.0017634346
    0.0017316578    -0.0018432917    -0.0015745964
    0.0023592432    -0.0012377227    -0.0012098192
    0.0001381310    -0.0019761179    -0.0026372074
    0.0012206490    -0.0020317296    -0.0022990086
   -0.0000095268     0.0003429134     0.0022876479
   -0.0010364297     0.0002946360     0.0022017862
    0.0004729260     0.0009155318     0.0022110793
   -0.0005637454     0.0012805351     0.0023109964
   -0.0016238185     0.0009562969     0.0019624082
   -0.0021060489     0.0001977027     0.0013762522
    0.0011112621     0.0007536133     0.0016788808
    0.0004546111     0.0016122171     0.0019454112
   -0.0007457704     0.0020093751     0.0018322031
   -0.0019303266     0.0016810857     0.0013571544
   -0.0025647509     0.0008930816     0.0006989555
    0.0009012945     0.0014058067     0.0017825207
   -0.0001316347     0.0021937990     0.0016087242
   -0.0014747107     0.0022755543     0.0010662063
   -0.0025455648     0.0016516986     0.0002443585
   -0.0029416780     0.0007542295    -0.0006780646
   -0.0016032836     0.0024853473     0.0013872918
   -0.0029330718     0.0016749397     0.0001460110
    0.0071491760     0.0050523256     0.0036111026
    0.0039539364     0.0078033671     0.0037046332
   -0.0004744357     0.0083926307     0.0034423019
   -0.0048758841     0.0062268658     0.0027973018
    0.0091043557     0.0006852255    -0.0006175463
    0.0085264196     0.0047798415    -0.0003020418
    0.0059149981     0.0080556187    -0.0001128351
    0.0018931312     0.0096225924     0.0000286829
   -0.0026011511     0.0089044103     0.0001705354
   -0.0064296908     0.0057103600     0.0003607912
    0.0083371486     0.0003955523    -0.0041731620
    0.0075569778     0.0048249923    -0.0042871640
    0.0044589769     0.0080436486    -0.0041765491
   -0.0000205659     0.0090646735    -0.0037784493
   -0.0046000904     0.0073856798    -0.0030051410
   -0.0078513839     0.0030875091    -0.0017067306
    0.0063277254    -0.0039634920    -0.0038842288
    0.0060435197    -0.0001602971    -0.0070819366
    0.0047297512     0.0040399238    -0.0075793046
    0.0010693074     0.0063937675    -0.0073552920
   -0.0034738941     0.0059240587    -0.0063528815
   -0.0071387880     0.0025451919    -0.0044124633
    0.0042086579    -0.0046227124    -0.0058009952
    0.0025063471    -0.0010976013    -0.0086829881
    0.0003328573     0.0019937228    -0.0091233891
   -0.0035587520     0.0021716142    -0.0080647933
   -0.0067622248    -0.0008481197    -0.0054162691
    0.0013712416    -0.0052364810    -0.0066356958
   -0.0021851251    -0.0025420286    -0.0081192749
   -0.0009607613     0.0002196529     0.0012887713
   -0.0006904536     0.0004121915     0.0011291278
   -0.0010119946     0.0002542145     0.0005597778
   -0.0011692616     0.0001194781     0.0004822244
   -0.0012319532    -0.0001887333     0.0011462779
   -0.0000031565     0.0004150579     0.0013510076
   -0.0005149192     0.0003317236     0.0010030843
   -0.0008705169     0.0001525742     0.0005884126
   -0.0009408421     0.0000283522     0.0001352197
   -0.0008709642    -0.0000003911    -0.0001429480
   -0.0009202916     0.0000055236    -0.0001815290
   -0.0011504222    -0.0001157423     0.0000519523
   -0.0013147522    -0.0005242161     0.0006146535
    0.0005059601     0.0002263244     0.0012056580
   -0.0010373435    -0.0001054287     0.0005040240
   -0.0009153780    -0.0001779121     0.0000093947
   -0.0006724858    -0.0001842258    -0.0002699809
   -0.0005010625    -0.0001441668    -0.0003924753
   -0.0004848459    -0.0000915255    -0.0004606223
   -0.0006388092    -0.0000685852    -0.0004707690
   -0.0009085527    -0.0001891488    -0.0003439940
   -0.0011280547    -0.0005592988    -0.0000438350
   -0.0010643283    -0.0011296719     0.0004011548
    0.0009125658    -0.0000547826     0.0012929774
   -0.0012822079    -0.0001741365     0.0003240370
   -0.0008788409    -0.0002216197    -0.0001456297
   -0.0005248041    -0.0001930570    -0.0002733671
   -0.0003061539    -0.0001708571    -0.0002631523
   -0.0001951376    -0.0001801109    -0.0003016703
   -0.0001659018    -0.0001498293    -0.0004391200
   -0.0002577257    -0.0000711441    -0.0005775258
   -0.0004710744    -0.0000600069    -0.0006206188
   -0.0007128211    -0.0002280759    -0.0005549334
   -0.0008504624    -0.0005932331    -0.0004078564
   -0.0007631729    -0.0010756548    -0.0002053042
   -0.0003930788    -0.0015076190     0.0000242038
    0.0001804642    -0.0016914701     0.0002404239
    0.0007380009    -0.0015343106     0.0004111368
    0.0010623776    -0.0011344222     0.0005429483
    0.0010990147    -0.0006871705     0.0006776719
    0.0009486886    -0.0003101773     0.0008396373
   -0.0012077772    -0.0000962710    -0.0002921503
   -0.0006844955    -0.0000283409    -0.0003888438
   -0.0004391526     0.0000588441    -0.0002056268
   -0.0003677566    -0.0000062235    -0.0000076605
   -0.0002749810    -0.0001870707    -0.0000022330
   -0.0001057077    -0.0002703860    -0.0002027860
    0.0000033230    -0.0001648918    -0.0004569413
   -0.0000529726     0.0000022573    -0.0006297261
   -0.0002323855     0.0000722441    -0.0006957273
   -0.0004291091    -0.0000144973    -0.0006933497
   -0.0005568925    -0.0002393229    -0.0006604070
   -0.0005590077    -0.0005500782    -0.0006135484
   -0.0004076043    -0.0008693422    -0.0005550397
   -0.0001251301    -0.0011051220    -0.0004797641
    0.0002077749    -0.0011933496    -0.0003758437
    0.0004925435    -0.0011388457    -0.0002243949
    0.0006755075    -0.0010019793    -0.0000019193
    0.0007711637    -0.0008295161     0.0003119767
   -0.0006749849     0.0002287537    -0.0009302708
   -0.0005491249     0.0004871333    -0.0005367380
   -0.0007284910     0.0004576290    -0.0001123029
   -0.0008240080     0.0000827639     0.0001024907
   -0.0005891576    -0.0003156809     0.0000221951
   -0.0001796975    -0.0004057688    -0.0002318348
    0.0000973497    -0.0001988657    -0.0004772030
    0.0001256742     0.0000733714    -0.0006206028
   -0.0000107646     0.0002378729    -0.0006684148
   -0.0001892428     0.0002588270    -0.0006640454
   -0.0003349220     0.0001685398    -0.0006441616
   -0.0004152691     0.0000072121    -0.0006297904
   -0.0004197720    -0.0001893658    -0.0006288561
   -0.0003555644    -0.0003896497    -0.0006344225
   -0.0002426641    -0.0005735815    -0.0006228650
   -0.0000999264    -0.0007368816    -0.0005606269
    0.0000668881    -0.0008847197    -0.0004143510
    0.0002688980    -0.0010203315    -0.0001468621
   -0.0002358299     0.0004956326    -0.0018444538
   -0.0004980224     0.0009652154    -0.0012535495
   -0.0004136125    -0.0005098961    -0.0004660929
    0.0000832042    -0.0002854497    -0.0005746961
    0.0002495676     0.0000764161    -0.0006273003
    0.0001629675     0.0003439082    -0.0006162656
   -0.0000236816     0.0004509662    -0.0005619439
   -0.0002040252     0.0004269343    -0.0004884614
   -0.0003279100     0.0003230675    -0.0004200558
   -0.0003842356     0.0001875296    -0.0003810483
   -0.0003939097     0.0000519815    -0.0003863874
   -0.0003904321    -0.0000865972    -0.0004279773
   -0.0003832605    -0.0002615786    -0.0004729160
   -0.0003414203    -0.0005028610    -0.0004775332
   -0.0002142317    -0.0008153054    -0.0003984652
    0.0000595646    -0.0012047111    -0.0001696116
    0.0006152937     0.0008334336    -0.0027697941
   -0.0000545856    -0.0003356773    -0.0009342465
    0.0003093369     0.0000071048    -0.0007893926
    0.0003257153     0.0003677687    -0.0006629184
    0.0001280536     0.0005687805    -0.0005377317
   -0.0001282717     0.0005787415    -0.0004046205
   -0.0003316020     0.0004397167    -0.0002686515
   -0.0004184528     0.0002311318    -0.0001522938
   -0.0003903171     0.0000489576    -0.0000876900
   -0.0003206538    -0.0000488395    -0.0000971446
   -0.0002985598    -0.0000954046    -0.0001750200
   -0.0003436075    -0.0001910152    -0.0002878666
   -0.0003861986    -0.0004194299    -0.0003915874
   -0.0003218132    -0.0008129271    -0.0004437205
    0.0033346857    -0.0006981211    -0.0043682757
    0.0021859648     0.0007837812    -0.0035619094
    0.0002178825     0.0000069565    -0.0015326735
    0.0005073340     0.0002157645    -0.0011093290
    0.0004905323     0.0005539109    -0.0007999229
    0.0002105963     0.0007618305    -0.0005800274
   -0.0001741583     0.0007251989    -0.0004098166
   -0.0004948964     0.0004464471    -0.0002658937
   -0.0006103274     0.0000297124    -0.0001499385
   -0.0004777725    -0.0003326280    -0.0000806472
   -0.0002201410    -0.0004689445    -0.0000780531
   -0.0000519407    -0.0003832883    -0.0001493555
   -0.0000877051    -0.0002641889    -0.0002843899
   -0.0002500984    -0.0003178792    -0.0004622299
   -0.0003620646    -0.0006463057    -0.0006637229
    0.0034650742     0.0010703708    -0.0032282190
    0.0020074230     0.0011054170    -0.0028030210
    0.0013273948     0.0008040824    -0.0022481389
    0.0011213963     0.0007007233    -0.0016391101
    0.0009473632     0.0008686831    -0.0011238584
    0.0005769203     0.0010795191    -0.0007756604
    0.0000337558     0.0010941435    -0.0005826619
   -0.0005170872     0.0007868235    -0.0005057356
   -0.0008448181     0.0001860662    -0.0005100615
   -0.0007653563    -0.0004779560    -0.0005590654
    0.0002279818    -0.0003970638    -0.0006948345
   -0.0000182873    -0.0001296884    -0.0008090290
   -0.0004028025    -0.0002102580    -0.0010414399
    0.0054519535     0.0014913326    -0.0020455599
    0.0035329778     0.0016730998    -0.0018824702
    0.0024138464     0.0016100528    -0.0014828534
    0.0016532401     0.0016509685    -0.0010539222
    0.0009137349     0.0017323399    -0.0007689270
    0.0001063058     0.0016306986    -0.0006975035
   -0.0006281304     0.0011750552    -0.0008373880
   -0.0009990728     0.0003994230    -0.0011299934
    0.0001017192     0.0002891712    -0.0014753519
   -0.0005145935     0.0005850511    -0.0015156258
    0.0053613943     0.0027217059    -0.0003551821
    0.0034079720     0.0027450853    -0.0005228281
    0.0020241896     0.0027126933    -0.0004994193
    0.0008427379     0.0026060820    -0.0005881534
   -0.0001824672     0.0022381358    -0.0009310544
   -0.0008057967     0.0015605775    -0.0015031960
   -0.0007399631     0.0018072210    -0.0019069679
    0.0029830367     0.0040867497     0.0005028455
    0.0012883662     0.0038595621    -0.0001080024
    0.0000613380     0.0034676295    -0.0008438827
   -0.0005288301     0.0030107045    -0.0016215490
   -0.0009523069     0.0034412130    -0.0017806640
   -0.0022857966     0.0041937494    -0.0011962834
    0.0027027852     0.0057303187     0.0017499678
    0.0007786620     0.0054215466     0.0004716510
   -0.0003540755     0.0054031821    -0.0002329209
   -0.0015002619     0.0060867966     0.0001327274
   -0.0001654172     0.0001213259     0.0011322078
   -0.0006578370     0.0000705684     0.0010165256
    0.0001081854     0.0002320248     0.0011142501
    0.0002748558     0.0000927791     0.0010076214
    0.0001018276     0.0001336854     0.0012659791
   -0.0003636276     0.0001732543     0.0014673614
   -0.0009095450     0.0000280648     0.0011737944
    0.0006603589     0.0001196655     0.0011359249
    0.0003978554     0.0000864401     0.0009582628
    0.0004407993     0.0000501616     0.0008330552
    0.0004354202     0.0001074647     0.0009846990
    0.0003756405     0.0002877579     0.0013328935
   -0.0013706897    -0.0000976594     0.0005888393
    0.0006723661    -0.0001565987     0.0008327985
    0.0005166812    -0.0000212344     0.0008212750
    0.0004995856     0.0000192299     0.0007750406
    0.0004934780     0.0000580322     0.0008219756
    0.0005639362     0.0001889280     0.0010193475
    0.0005443281     0.0005429366     0.0013533501
   -0.0015618366     0.0000013203     0.0001081287
    0.0007551173    -0.0005631714     0.0006260014
    0.0006672922    -0.0003118960     0.0007813252
    0.0005838281    -0.0000885444     0.0008046337
    0.0006233268     0.0000175918     0.0008514793
    0.0005505173     0.0000362733     0.0008548429
    0.0005931150     0.0001033216     0.0009743650
    0.0006543009     0.0003726442     0.0011780993
    0.0005341337     0.0008804336     0.0013889281
   -0.0018226585     0.0001792672    -0.0004392012
   -0.0013313540    -0.0000023737    -0.0007636326
    0.0005793777    -0.0010070589     0.0002976813
    0.0007305040    -0.0007909293     0.0006803640
    0.0008323991    -0.0004504837     0.0008901271
    0.0007687577    -0.0001297674     0.0009103025
    0.0009456057     0.0000322502     0.0009428882
    0.0007865638     0.0000482471     0.0009890010
    0.0007805951     0.0000971991     0.0011488956
    0.0008087479     0.0003380007     0.0013625991
    0.0006915769     0.0007919266     0.0015267298
    0.0002672448     0.0013400517     0.0015344713
   -0.0005107329     0.0017209508     0.0012994068
   -0.0021731145     0.0002883829    -0.0007307787
   -0.0017150031    -0.0002205627    -0.0013926064
   -0.0010732216    -0.0002167775    -0.0017588230
    0.0005708781    -0.0012988056     0.0003272797
    0.0010291931    -0.0010913659     0.0007109065
    0.0012799483    -0.0006283334     0.0009329112
    0.0011945576    -0.0001742815     0.0009707653
    0.0014456944    -0.0000099363     0.0008458505
    0.0012687102     0.0000403252     0.0010513764
    0.0012913753     0.0001554011     0.0013598707
    0.0013290738     0.0005136452     0.0017094728
    0.0011368546     0.0010884728     0.0019856549
    0.0005506322     0.0016872024     0.0020534141
   -0.0004225881     0.0020185907     0.0017991001
   -0.0015410265     0.0018144054     0.0011833132
   -0.0023777930     0.0010211511     0.0002740119
   -0.0025514783    -0.0000782115    -0.0007711962
   -0.0019953114    -0.0009861676    -0.0017613739
   -0.0010117537    -0.0012902148    -0.0025287349
   -0.0000758646    -0.0008513641    -0.0029606713
    0.0001022261    -0.0014433749    -0.0002219125
    0.0007675857    -0.0016268064     0.0000711449
    0.0019346965    -0.0002281896     0.0004546025
    0.0019520533    -0.0000928998     0.0008960807
    0.0021911242     0.0002155981     0.0014093953
    0.0023841354     0.0009005641     0.0019537516
    0.0021643244     0.0018915483     0.0024348550
    0.0012734548     0.0028529209     0.0026991127
   -0.0002535946     0.0032890255     0.0025733715
   -0.0019856348     0.0027875735     0.0019558571
   -0.0032355947     0.0013246790     0.0008969755
   -0.0034389540    -0.0006271377    -0.0004113592
   -0.0024906291    -0.0023218853    -0.0017268295
   -0.0007936510    -0.0031248800    -0.0028430868
    0.0009698701    -0.0027882096    -0.0036342788
    0.0021416406    -0.0014502873    -0.0040839695
    0.0000541921    -0.0014893456    -0.0006510252
    0.0022526712    -0.0007160380    -0.0001329213
    0.0028129393    -0.0004331713     0.0004914296
    0.0035937558     0.0002964994     0.0011629267
    0.0041606736     0.0017236953     0.0018741597
    0.0038786175     0.0036941967     0.0025567804
    0.0022434116     0.0055090854     0.0030229892
   -0.0003417539    -0.0011319332    -0.0012083623
    0.0002178569    -0.0015706492    -0.0012910404
    0.0024104342    -0.0015317022    -0.0008381255
    0.0039115313    -0.0010516999    -0.0003066765
    0.0056924627     0.0004107952     0.0002306294
   -0.0010607976    -0.0003502661    -0.0016203894
   -0.0008041102    -0.0010084069    -0.0017326118
   -0.0001879369    -0.0014480284    -0.0018038789
    0.0005645627    -0.0015967904    -0.0016892165
    0.0013644758    -0.0016052460    -0.0013370766
    0.0024058992    -0.0027564051    -0.0017257835
    0.0053124869    -0.0020694271    -0.0018646055
   -0.0020944334     0.0009712105    -0.0016743720
   -0.0021897231    -0.0000752418    -0.0017013858
   -0.0017855622    -0.0010513494    -0.0018109276
   -0.0009395311    -0.0018575170    -0.0018524321
    0.0003841095    -0.0024805411    -0.0017835152
   -0.0033112645     0.0031663770    -0.0008867256
   -0.0038564027     0.0014622155    -0.0008805756
   -0.0037686508    -0.0003009003    -0.0010838940
   -0.0029289823    -0.0020350721    -0.0014073291
   -0.0011181533    -0.0036048605    -0.0019099547
   -0.0028139408    -0.0030570249    -0.0013954307
   -0.0006369846    -0.0041137178    -0.0024634015
    0.0015845827    -0.0038882076    -0.0032852778
    0.0032422490    -0.0025481558    -0.0039243329
   -0.0050201826     0.0003826053     0.0005868354
   -0.0037222089    -0.0027594540    -0.0002380001
   -0.0013530056    -0.0046481643    -0.0009249128
    0.0013263389    -0.0051057930    -0.0015002651
    0.0036690659    -0.0042797143    -0.0020117264
    0.0052036619    -0.0025292057    -0.0025308216
    0.0056537878    -0.0003486427    -0.0031850646
   -0.0055556667     0.0010568424     0.0001445594
   -0.0042035395    -0.0025486562     0.0002165676
   -0.0016735650    -0.0047715648     0.0002276017
    0.0012238239    -0.0054668755     0.0001572365
    0.0038344460    -0.0048124265    -0.0000166374
    0.0057027673    -0.0031883189    -0.0003171638
    0.0066043126    -0.0010931515    -0.0007640381
    0.0065715325     0.0009393537    -0.0013406785
   -0.0056302992     0.0001992774    -0.0005852560
   -0.0039187449    -0.0030946542     0.0004619701
   -0.0012142504    -0.0049304232     0.0012049414
    0.0016867539    -0.0052673660     0.0016505846
    0.0041827942    -0.0043554277     0.0018179427
    0.0058952566    -0.0026114565     0.0017356409
    0.0066843197    -0.0005155979     0.0014562670
    0.0066270390     0.0015084667     0.0010791090
    0.0059155719     0.0032250735     0.0007432840
   -0.0056005773     0.0003352103    -0.0018577900
   -0.0042177425    -0.0027888343     0.0002267461
   -0.0016422814    -0.0045544724     0.0017760552
    0.0012095888    -0.0048117011     0.0027988554
    0.0036506296    -0.0038061131     0.0033546394
    0.0052711577    -0.0019874480     0.0035263475
    0.0059387410     0.0001505921     0.0034239981
    0.0057312415     0.0022174378     0.0031738980
    0.0048111447     0.0040035653     0.0028566670
    0.0033450131     0.0054165198     0.0024186213
   -0.0014761902     0.0062539473     0.0007468562
   -0.0029833929     0.0052506909     0.0008554302
   -0.0043217251     0.0035741905     0.0008574640
   -0.0049842107     0.0013699311     0.0005564627
   -0.0045968618    -0.0010323440    -0.0000517422
   -0.0029922506    -0.0031461302    -0.0009765838
   -0.0002728408    -0.0043352314    -0.0022905972
    0.0010543561    -0.0041764545    -0.0043355623
   -0.0050653938    -0.0004869404    -0.0028854357
   -0.0041391396    -0.0028537233    -0.0001279671
   -0.0019382806    -0.0042182530     0.0020420471
    0.0006116928    -0.0042610775     0.0035477412
    0.0027802667    -0.0031599556     0.0044516190
    0.0041410893    -0.0013443254     0.0048731631
    0.0045640746     0.0007150086     0.0049576750
    0.0041252168     0.0026509566     0.0048348315
    0.0030015190     0.0042250611     0.0045719402
    0.0014298347     0.0052565926     0.0041998862
   -0.0003338224     0.0055838404     0.0038200289
   -0.0021160095     0.0050972749     0.0035346301
   -0.0037208605     0.0037657349     0.0032275278
   -0.0047644111     0.0017031029     0.0026703389
   -0.0048262839    -0.0007555163     0.0017071028
   -0.0036814425    -0.0030472198     0.0002400006
   -0.0014801895    -0.0044345374    -0.0017988876
   -0.0008257711    -0.0042440166    -0.0037600308
   -0.0039026648    -0.0013887544    -0.0042916379
   -0.0041033618    -0.0027571513    -0.0012589968
   -0.0025992915    -0.0038777633     0.0015999605
   -0.0003486950    -0.0038602630     0.0037341326
    0.0016179362    -0.0026695175     0.0050735102
    0.0026707067    -0.0007865026     0.0057605412
    0.0026354275     0.0011897683     0.0059985231
    0.0016527124     0.0027640050     0.0059520438
    0.0000310837     0.0035613121     0.0057205062
   -0.0018394947     0.0033147885     0.0053398540
   -0.0034847855     0.0019481287     0.0046993947
   -0.0043286663    -0.0002819048     0.0035651261
   -0.0039390075    -0.0026973787     0.0017397431
   -0.0024440949    -0.0043069003    -0.0008176133
   -0.0023167486    -0.0042041649    -0.0021317002
   -0.0027683411    -0.0034856475    -0.0030986902
   -0.0034478663    -0.0033888386    -0.0015717605
   -0.0028062770    -0.0038135222     0.0012188730
   -0.0010776754    -0.0035524437     0.0037385469
    0.0004382562    -0.0022274529     0.0053732138
    0.0008306332    -0.0004552246     0.0061666618
   -0.0000084438     0.0008624643     0.0063383853
   -0.0015865609     0.0010165968     0.0059957283
   -0.0030615566    -0.0002289861     0.0050257821
   -0.0035728057    -0.0023317473     0.0031925787
   -0.0029650549    -0.0040126353     0.0005266027
   -0.0028825998    -0.0039964069     0.0004485365
   -0.0024251897    -0.0037556103     0.0022189759
   -0.0011444982    -0.0026935189     0.0046495466
   -0.0012566006    -0.0013916965     0.0055175748
   -0.0025318926    -0.0019409296     0.0045604741
   -0.0029254621    -0.0036141796     0.0020309355
   -0.0023017739    -0.0031627888     0.0034740075
   -0.0010255078     0.0004292444    -0.0001828723
   -0.0009861521    -0.0001354840    -0.0000581039
   -0.0005891372     0.0010558398    -0.0014608417
   -0.0010594921     0.0006455932    -0.0010439340
   -0.0011289920     0.0000131238    -0.0008099569
    0.0004635912     0.0011132326    -0.0026327200
   -0.0003404210     0.0008293291    -0.0020983757
   -0.0006240497     0.0002493745    -0.0017443883
    0.0013500380     0.0010535358    -0.0029398046
    0.0006321789     0.0006526168    -0.0024777227
   -0.0009401226    -0.0001286564    -0.0010039718
   -0.0004991746    -0.0005984319    -0.0010935638
    0.0000142458    -0.0006098391    -0.0011549046
    0.0002800107    -0.0002527245    -0.0012225980
   -0.0008268490     0.0006210267    -0.0016645463
   -0.0004237187     0.0002531685    -0.0018329148
   -0.0000705962     0.0004643132    -0.0019004155
   -0.0005776896     0.0019958038    -0.0019904628
   -0.0005422241     0.0023168770    -0.0020482721
   -0.0006961919    -0.0000472829     0.0017334957
   -0.0010245262    -0.0005946922     0.0014567699
   -0.0002268803    -0.0007404341     0.0018570158
    0.0001388634    -0.0001233902     0.0019272663
   -0.0006122488    -0.0013992621     0.0011657206
    0.0001781601    -0.0013908402     0.0014326990
    0.0007577085    -0.0009215226     0.0015842426
    0.0008609372    -0.0002375843     0.0016373679
    0.0002499594    -0.0017328956     0.0005756674
    0.0008443316    -0.0014672596     0.0007429690
    0.0014017964    -0.0009667879     0.0007011826
    0.0015210961    -0.0004104574     0.0008694746
    0.0011486857    -0.0015753558    -0.0000878722
    0.0016530167    -0.0011424733     0.0001134557
    0.0018682902    -0.0005951041     0.0003291378
    0.0009191657    -0.0016380703    -0.0008559225
    0.0015165638    -0.0013237224    -0.0006793831
    0.0018960136    -0.0008799463    -0.0004216177
    0.0008237801    -0.0015059418    -0.0014809814
    0.0014709943    -0.0013325088    -0.0012202273
    0.0001694033     0.0005898261     0.0016409312
   -0.0005085135     0.0007855782     0.0016623675
   -0.0011848053     0.0005703761     0.0013838383
    0.0002911350     0.0009818096     0.0015399764
   -0.0004260969     0.0012702408     0.0014987383
   -0.0012004830     0.0011598578     0.0012139772
   -0.0017208025     0.0007287517     0.0007674800
   -0.0000034867     0.0014579266     0.0014140092
   -0.0008747930     0.0015980127     0.0011167783
   -0.0016563295     0.0012894977     0.0006048844
   -0.0020716128     0.0007213550    -0.0000242684
    0.0062302389     0.0032810022     0.0010298969
    0.0045042532     0.0056000651     0.0011879945
    0.0017645015     0.0068283234     0.0012173497
   -0.0013967751     0.0065286760     0.0011391777
   -0.0042276336     0.0045096886     0.0009578960
    0.0065270447     0.0001479279    -0.0018144843
    0.0063221974     0.0031260416    -0.0017086069
    0.0046539492     0.0055998892    -0.0016083512
    0.0019219401     0.0069620084    -0.0014631545
   -0.0012669545     0.0067961798    -0.0012338705
   -0.0041659225     0.0049362166    -0.0008762591
    0.0054859422    -0.0002448396    -0.0040186994
    0.0051786131     0.0027877121    -0.0042430002
    0.0032963279     0.0051132548    -0.0042287565
    0.0003964786     0.0060828465    -0.0039459418
   -0.0027416675     0.0053297559    -0.0033428973
   -0.0052292349     0.0028417869    -0.0023328202
    0.0039475846    -0.0031639984    -0.0035578776
    0.0035901923    -0.0007961432    -0.0056148462
    0.0029838922     0.0019627324    -0.0060997946
    0.0008362434     0.0036848536    -0.0060310440
   -0.0020359228     0.0037292830    -0.0053897679
   -0.0046039117     0.0019428068    -0.0040984559
    0.0022387231    -0.0036268497    -0.0045165231
    0.0010595649    -0.0013713948    -0.0063186255
   -0.0003153585     0.0006436219    -0.0066735344
   -0.0028480329     0.0006866373    -0.0058396076
