    0.0041638865
    0.0096217388
    0.0061950907
    0.0022794522
   -0.0001116096
   -0.0008828497
    0.0000731207
    0.0049296639
    0.0010890848
   -0.0000938894
   -0.0006698977
   -0.0018820774
   -0.0023316584
   -0.0012837043
    0.0004940427
   -0.0018031347
   -0.0034781315
   -0.0032894483
   -0.0024078751
   -0.0012728230
    0.0000960218
    0.0017673579
    0.0039263619
    0.0069420968
   -0.0043390360
   -0.0047418766
   -0.0039506131
   -0.0028977148
   -0.0020201167
   -0.0013120914
   -0.0001106581
    0.0023162003
    0.0067052679
   -0.0063025637
   -0.0059810990
   -0.0038996862
    0.0001616361
    0.0014581357
   -0.0092774436
   -0.0090771980
   -0.0060763711
    0.0003904225
   -0.0224423292
   -0.0169753294
   -0.0134367090
   -0.0300031045
   -0.0200547002
    0.0104497877
    0.0111068589
    0.0109293080
    0.0113046650
    0.0108780842
    0.0104549450
    0.0111707429
    0.0104396934
    0.0114930555
    0.0112160980
    0.0116304542
    0.0114679027
    0.0131086682
   -0.0002842291
    0.0142688117
    0.0165332525
    0.0182577687
   -0.0052494611
   -0.0094539828
    0.0197544576
    0.0258600103
    0.0302548053
    0.0276970811
    0.0155323433
    0.0186555290
    0.0309403190
   -0.0016515448
   -0.0123129777
   -0.0082386570
   -0.0020668901
    0.0069056823
    0.0116170648
   -0.0071612613
   -0.0209983649
   -0.0287591710
   -0.0301961993
    0.0067502281
   -0.0128900944
   -0.0267251558
   -0.0350527751
   -0.0383898339
   -0.0377572784
   -0.0043214751
   -0.0227904290
   -0.0347223227
   -0.0410511521
   -0.0429718894
   -0.0420631402
   -0.0394601084
   -0.0350376897
   -0.0301193113
   -0.0272215466
   -0.0234693663
   -0.0164313041
   -0.0048724227
    0.0123379350
   -0.0029033402
   -0.0222282558
   -0.0348688729
   -0.0417258416
   -0.0441915077
   -0.0437934976
   -0.0415921769
   -0.0382861637
   -0.0336578542
   -0.0259590602
   -0.0133730212
    0.0053363539
   -0.0115695295
   -0.0276384187
   -0.0374931249
   -0.0418208558
   -0.0421167477
   -0.0392653287
   -0.0327513467
   -0.0210553876
   -0.0037152990
   -0.0039688864
   -0.0161544045
   -0.0308978742
   -0.0354453103
   -0.0291020059
   -0.0134707683
   -0.0227314360
    0.0008103776
    0.0009994085
   -0.0000426851
   -0.0000441962
    0.0010506252
    0.0010586854
   -0.0003894124
   -0.0058937808
   -0.0031089905
   -0.0010470394
   -0.0004822984
   -0.0014572533
   -0.0035515147
   -0.0117886465
   -0.0065485111
   -0.0045312707
   -0.0050510584
   -0.0226510085
   -0.0135925855
   -0.0110075589
   -0.0008624160
   -0.0040945468
   -0.0013047597
    0.0004086966
    0.0010288030
    0.0008804775
   -0.0079859444
   -0.0033446141
   -0.0003049752
    0.0010486935
    0.0008962490
   -0.0003000217
   -0.0121031425
   -0.0056539502
   -0.0021151576
   -0.0013102270
   -0.0031913871
   -0.0085304952
   -0.0186981843
   -0.0091854473
   -0.0075875531
   -0.0153185191
   -0.0188738064
    0.0081546667
    0.0089187607
    0.0064584340
    0.0054108607
    0.0067672715
    0.0086043628
    0.0096365837
    0.0106116144
    0.0097224086
    0.0021509839
    0.0038190647
    0.0056598896
    0.0073271148
    0.0087680754
    0.0099749988
    0.0024280993
    0.0040508668
    0.0056614441
    0.0074481730
    0.0096177854
    0.0114534521
    0.0100597058
    0.0108221574
    0.0114018259
    0.0121105983
    0.0089792769
    0.0105446263
    0.0115648772
    0.0127846475
    0.0148689610
    0.0057608009
    0.0079503079
    0.0098665709
    0.0113808821
    0.0136351951
    0.0048026628
    0.0077118494
    0.0103674768
    0.0146496516
   -0.0013322296
    0.0034331605
    0.0079757798
    0.0103382321
    0.0110088575
    0.0097984685
    0.0084608297
    0.0112773678
    0.0115199098
    0.0115502743
    0.0103914411
    0.0082543192
    0.0063119557
    0.0118560707
    0.0125221552
    0.0118900982
    0.0096479361
    0.0064201554
    0.0035590885
    0.0150373251
    0.0144799797
    0.0116785636
    0.0070633814
    0.0018025146
    0.0102036873
    0.0365326567
    0.0372426490
    0.0330878043
    0.0230674688
    0.0363483314
    0.0384869258
    0.0366477540
    0.0305209608
    0.0191568057
    0.0300311378
    0.0344618468
    0.0364216532
    0.0332825233
    0.0246598200
    0.0093328789
    0.0122593507
    0.0269771907
    0.0298795759
    0.0302133153
    0.0234979553
    0.0093536981
    0.0221127429
    0.0210157117
    0.0118901094
    0.0151189734
    0.0055378313
    0.0039309278
    0.0074854066
    0.0052489971
    0.0026951758
    0.0009787864
    0.0003962165
    0.0010100326
    0.0040802761
    0.0014748196
    0.0000730484
   -0.0006488400
   -0.0010720145
   -0.0009222907
    0.0000530755
    0.0016119832
    0.0001964040
   -0.0000747758
   -0.0004508633
   -0.0013587516
   -0.0020681537
   -0.0020447897
   -0.0013887366
   -0.0003399707
    0.0009575652
    0.0069980176
   -0.0001400598
   -0.0007474043
   -0.0017686678
   -0.0029233344
   -0.0031280817
   -0.0027193776
   -0.0020361799
   -0.0012395382
   -0.0003596863
    0.0006803831
    0.0020430884
    0.0039150390
    0.0064888140
   -0.0043296056
   -0.0031846748
   -0.0041485274
   -0.0040471280
   -0.0033758768
   -0.0025098320
   -0.0016940039
   -0.0010050728
   -0.0002357332
    0.0010033171
    0.0030600975
   -0.0120628423
   -0.0049941516
   -0.0055880613
   -0.0050544432
   -0.0038028761
   -0.0022857656
   -0.0002103829
    0.0004288396
    0.0020851407
   -0.0079205172
   -0.0078361315
   -0.0068063712
   -0.0048174251
   -0.0001030364
    0.0003448265
   -0.0240149543
   -0.0167980093
   -0.0134455776
   -0.0114487597
   -0.0091648489
   -0.0024414070
   -0.0268156038
   -0.0194315934
   -0.0148285326
   -0.0215890771
   -0.0269956140
    0.0083523016
    0.0089626134
    0.0079536490
    0.0090494450
    0.0091895955
    0.0093625582
    0.0091245643
    0.0091142359
    0.0095509931
    0.0038887035
    0.0090907209
    0.0091398869
    0.0094421652
    0.0096661180
    0.0104523921
    0.0085206339
    0.0096268137
    0.0104186181
    0.0106649454
    0.0115393453
    0.0124429061
   -0.0007512191
   -0.0027711404
    0.0067297640
    0.0126810676
    0.0144898870
    0.0160817791
    0.0161693453
    0.0137140392
    0.0016801135
   -0.0046647717
   -0.0085989143
   -0.0089624675
    0.0158096123
    0.0198304267
    0.0234729871
    0.0243366359
    0.0201779570
    0.0107987250
    0.0142519230
    0.0206288129
   -0.0015000179
    0.0004658063
    0.0161950580
   -0.0074344508
   -0.0055993888
   -0.0023365256
    0.0020355028
    0.0077226791
   -0.0161619676
   -0.0115249530
   -0.0055119619
    0.0114534440
   -0.0008895889
   -0.0111254570
   -0.0184141584
   -0.0224321662
   -0.0230805351
    0.0040277541
   -0.0084794987
   -0.0180108576
   -0.0244420914
   -0.0278920052
   -0.0287308396
   -0.0277441408
    0.0008656047
   -0.0118635275
   -0.0213267282
   -0.0276438890
   -0.0311348813
   -0.0323511173
   -0.0320484094
   -0.0307951084
    0.0114261518
    0.0019360602
   -0.0117039189
   -0.0218904531
   -0.0286839043
   -0.0324921816
   -0.0339565082
   -0.0337419779
   -0.0322274736
   -0.0296782292
   -0.0268239759
   -0.0238812148
   -0.0198158328
   -0.0136131547
   -0.0046948677
    0.0071706912
   -0.0034835384
   -0.0161329373
   -0.0252595973
   -0.0308121929
   -0.0333624049
   -0.0336546220
   -0.0322870638
   -0.0296668008
   -0.0256862633
   -0.0195359478
   -0.0104365254
    0.0016645136
   -0.0014179971
   -0.0141374972
   -0.0241248567
   -0.0296756999
   -0.0312177565
   -0.0295326374
   -0.0247568927
   -0.0163300455
   -0.0046495956
   -0.0058517017
   -0.0133098289
   -0.0228470891
   -0.0257466685
   -0.0211063782
   -0.0111472516
   -0.0173226406
   -0.0000360714
   -0.0004262993
   -0.0004902153
   -0.0001441443
   -0.0002869660
   -0.0011135599
   -0.0036850875
   -0.0023990639
   -0.0014281771
   -0.0012048388
   -0.0017949545
   -0.0100005405
   -0.0066156382
   -0.0044836636
   -0.0036116499
   -0.0038454488
   -0.0150875200
   -0.0101730947
   -0.0079657550
   -0.0075905185
   -0.0204845511
   -0.0149273791
   -0.0015896940
   -0.0006925572
   -0.0029977322
   -0.0012820825
   -0.0003166618
   -0.0000057014
   -0.0001049043
   -0.0058404673
   -0.0031631627
   -0.0015907525
   -0.0010534425
   -0.0014343321
   -0.0026259295
   -0.0107700513
   -0.0064779520
   -0.0043395320
   -0.0041759153
   -0.0061681269
   -0.0115006961
   -0.0102069736
   -0.0177988416
   -0.0207315588
    0.0062363512
    0.0070909798
    0.0052317414
    0.0042520679
    0.0050951411
    0.0065175421
    0.0074833270
    0.0086192640
    0.0082038537
    0.0022941552
    0.0034427349
    0.0047109942
    0.0059337912
    0.0070698645
    0.0080570362
    0.0016809627
    0.0028855682
    0.0040754892
    0.0053050805
    0.0066640053
    0.0081854842
    0.0091472598
    0.0096165077
    0.0101625453
    0.0078248068
    0.0088100588
    0.0095740315
    0.0106207390
    0.0055626403
    0.0070806604
    0.0083954055
    0.0095232690
    0.0110890151
    0.0037607947
    0.0056547369
    0.0074241195
    0.0091221875
    0.0116143605
    0.0028549979
    0.0054278855
    0.0080870508
    0.0013522090
    0.0057938087
    0.0084463720
    0.0089649656
    0.0078504305
    0.0068477616
    0.0097098407
    0.0095213756
    0.0086870761
    0.0072137006
    0.0056628843
    0.0104532754
    0.0101207790
    0.0089134731
    0.0069592357
    0.0047421869
    0.0029718347
    0.0120108873
    0.0106365496
    0.0080749353
    0.0047412233
    0.0013888559
    0.0135422247
    0.0088339500
    0.0289140398
    0.0269519927
    0.0217248452
    0.0285273121
    0.0302747384
    0.0294980026
    0.0260249455
    0.0194293268
    0.0274439892
    0.0296307658
    0.0291616806
    0.0259769470
    0.0197605024
    0.0098565070
    0.0223892761
    0.0249328521
    0.0270480719
    0.0259668421
    0.0216418915
    0.0137376904
    0.0193283861
    0.0208363350
    0.0217011567
    0.0178542631
    0.0092401826
    0.0150024875
    0.0136736126
    0.0064836475
    0.0091992050
    0.0053808060
    0.0036544767
    0.0028504697
    0.0070199124
    0.0061859815
    0.0046420208
    0.0028619152
    0.0015931213
    0.0011123048
    0.0014589052
    0.0036969313
    0.0018416011
    0.0006689171
    0.0000421479
   -0.0001959709
    0.0000170557
    0.0007673531
    0.0019957138
    0.0025995699
    0.0009544777
    0.0001009127
   -0.0003677310
   -0.0007715927
   -0.0010884504
   -0.0011114520
   -0.0007412271
   -0.0000241705
    0.0009439452
    0.0020602684
    0.0064948649
    0.0076299591
    0.0001572678
   -0.0003485818
   -0.0004307531
   -0.0006923579
   -0.0012594928
   -0.0017970810
   -0.0019885426
   -0.0017806138
   -0.0012756577
   -0.0005844334
    0.0002233548
    0.0011156503
    0.0020967404
    0.0032122070
    0.0045381301
    0.0061305911
   -0.0015296027
   -0.0014682526
   -0.0019050215
   -0.0025779706
   -0.0028200385
   -0.0026555547
   -0.0022241506
   -0.0016526402
   -0.0010198151
   -0.0003506138
    0.0003916728
    0.0012984567
    0.0024854896
    0.0040653466
   -0.0043947201
   -0.0031222275
   -0.0036526049
   -0.0036799291
   -0.0033089140
   -0.0027055094
   -0.0020182471
   -0.0013581320
   -0.0007616926
   -0.0001517537
    0.0006414746
    0.0018095209
    0.0035427722
   -0.0094564822
   -0.0046334894
   -0.0049059706
   -0.0046874043
   -0.0040455381
   -0.0031424766
   -0.0021763598
   -0.0013515593
   -0.0007790401
   -0.0003675932
    0.0001481046
    0.0010648501
    0.0026637088
   -0.0156039926
   -0.0069677310
   -0.0067581324
   -0.0062353354
   -0.0052852137
   -0.0039915419
   -0.0025763565
   -0.0003849778
   -0.0000070179
    0.0010248089
   -0.0170988926
   -0.0131052694
   -0.0109381628
   -0.0095992773
   -0.0083241323
   -0.0067445003
   -0.0048334208
   -0.0016081050
   -0.0015994176
   -0.0225585520
   -0.0171697048
   -0.0138844174
   -0.0114279978
   -0.0090709148
   -0.0051689602
   -0.0200652940
   -0.0155023252
   -0.0119705166
   -0.0096108045
   -0.0215804070
   -0.0167187036
   -0.0153317681
    0.0073756316
    0.0065085819
    0.0076020298
    0.0078302591
    0.0079106673
    0.0079348480
    0.0077958828
    0.0079616578
    0.0081932149
    0.0077573950
    0.0078564758
    0.0081486214
    0.0083762356
    0.0087497798
    0.0021099825
    0.0073197325
    0.0077784989
    0.0080159958
    0.0085828770
    0.0088766148
    0.0093448522
    0.0097963984
    0.0002301005
    0.0072862899
    0.0080600959
    0.0084109934
    0.0092602418
    0.0097407136
    0.0104723849
    0.0111964423
    0.0115109207
    0.0109983094
   -0.0002299809
   -0.0026252311
   -0.0035360958
    0.0060179384
    0.0110520417
    0.0124344975
    0.0138084877
    0.0145591779
    0.0140396926
    0.0118071192
    0.0078918172
    0.0029185344
   -0.0020741010
   -0.0060214670
   -0.0081531317
    0.0128216285
    0.0154255656
    0.0180586309
    0.0197670215
    0.0193959429
    0.0160920181
    0.0099399249
    0.0021690851
    0.0114527498
    0.0152304014
    0.0199509745
   -0.0001285915
    0.0017139453
    0.0123416113
    0.0191729981
   -0.0039336743
   -0.0020618277
    0.0005044984
    0.0036084243
    0.0073721962
   -0.0097987702
   -0.0073594187
   -0.0042027802
   -0.0001492296
    0.0052442083
   -0.0024077377
   -0.0086101740
   -0.0129580056
   -0.0151429887
    0.0087805071
   -0.0002946076
   -0.0080468540
   -0.0139946845
   -0.0179460024
   -0.0198753930
   -0.0199116351
    0.0000418415
   -0.0084717435
   -0.0151165018
   -0.0198006827
   -0.0226011856
   -0.0237611804
   -0.0237429671
   -0.0027646480
   -0.0110129201
   -0.0173880120
   -0.0218816187
   -0.0246456805
   -0.0259677995
   -0.0262200922
   -0.0256824981
   -0.0150554145
    0.0011084094
    0.0085883718
   -0.0028581526
   -0.0112924405
   -0.0178736856
   -0.0225252944
   -0.0254036539
   -0.0268009120
   -0.0270277404
   -0.0262883267
   -0.0247302488
   -0.0226791954
   -0.0204588923
   -0.0178423740
   -0.0142692428
   -0.0093299074
   -0.0028623013
    0.0050232498
   -0.0005197332
   -0.0095850642
   -0.0169737324
   -0.0221487886
   -0.0251700963
   -0.0263657924
   -0.0260981970
   -0.0246795516
   -0.0223278132
   -0.0189231909
   -0.0140437140
   -0.0074135900
    0.0006959793
    0.0025718535
    0.0043294690
   -0.0003404677
   -0.0084032205
   -0.0160297034
   -0.0212842321
   -0.0237996157
   -0.0238840771
   -0.0218919751
   -0.0178768849
   -0.0117298414
   -0.0040894805
   -0.0054647740
   -0.0108368949
   -0.0177774409
   -0.0197989101
   -0.0161518238
   -0.0089621011
   -0.0136038514
   -0.0006096663
   -0.0007994887
   -0.0022729562
   -0.0017282389
   -0.0014457500
   -0.0016141809
   -0.0051361019
   -0.0038711001
   -0.0031599767
   -0.0030301320
   -0.0034064040
   -0.0110355062
   -0.0079409221
   -0.0062215448
   -0.0055669015
   -0.0128040721
   -0.0101433402
   -0.0010981153
   -0.0005954701
   -0.0031471977
   -0.0018809160
   -0.0011760535
   -0.0009470820
   -0.0067817721
   -0.0044255170
   -0.0030466326
   -0.0025611903
   -0.0029132661
   -0.0078238010
   -0.0059508589
   -0.0058452000
   -0.0077852560
   -0.0126301635
   -0.0115443978
    0.0050981344
    0.0059403445
    0.0044959971
    0.0036047015
    0.0041342993
    0.0052642267
    0.0061432839
    0.0072838957
    0.0028904261
    0.0038802309
    0.0049015022
    0.0058958213
    0.0067755408
    0.0026367163
    0.0036468093
    0.0047093471
    0.0058727510
    0.0071213682
    0.0076723262
    0.0083504592
    0.0092170491
    0.0063728355
    0.0073746519
    0.0082906449
    0.0094757058
    0.0043711755
    0.0056710513
    0.0068971331
    0.0081115847
    0.0099545906
    0.0040193102
    0.0057790257
    0.0076338661
    0.0037478521
    0.0066078123
    0.0076610246
    0.0066541607
    0.0081459180
    0.0073414804
    0.0061062613
    0.0048691644
    0.0090611687
    0.0086225568
    0.0075567899
    0.0059666944
    0.0042189908
    0.0101737339
    0.0092374677
    0.0075058959
    0.0051911835
    0.0027130313
    0.0098737807
    0.0067440094
    0.0243530968
    0.0238520093
    0.0213955224
    0.0167168398
    0.0224311726
    0.0242168652
    0.0243844606
    0.0229000706
    0.0196352337
    0.0143412745
    0.0210648082
    0.0230200960
    0.0229547003
    0.0208636066
    0.0165975426
    0.0098471144
    0.0169235568
    0.0186418433
    0.0203849144
    0.0194939708
    0.0159507806
    0.0095629939
    0.0140623687
    0.0149309931
    0.0155982477
    0.0124656471
    0.0055775489
    0.0103004226
    0.0089244553
    0.0039247593
    0.0045668611
    0.0032886170
    0.0025765224
    0.0031802179
    0.0058776871
    0.0053166913
    0.0041471756
    0.0027588111
    0.0017273082
    0.0012890761
    0.0014683128
    0.0022345706
    0.0066889365
    0.0038611745
    0.0023643476
    0.0012596101
    0.0005864499
    0.0002482684
    0.0002107518
    0.0005098002
    0.0011493061
    0.0020570741
    0.0063074368
    0.0030396094
    0.0015272011
    0.0005720728
    0.0000173181
   -0.0003388992
   -0.0005856794
   -0.0006737985
   -0.0005248139
   -0.0001192509
    0.0005047787
    0.0012846043
    0.0021516876
    0.0030437190
    0.0039246324
    0.0047977272
    0.0056809263
    0.0065439674
    0.0012959778
    0.0002091102
   -0.0003021074
   -0.0005526771
   -0.0007961689
   -0.0010969814
   -0.0013493508
   -0.0014228115
   -0.0012653501
   -0.0009005502
   -0.0003808436
    0.0002450561
    0.0009429929
    0.0016967766
    0.0025117464
    0.0034144423
    0.0044393914
    0.0055938820
   -0.0009540391
   -0.0011765236
   -0.0011079288
   -0.0011128663
   -0.0013507956
   -0.0017293120
   -0.0020457772
   -0.0021575119
   -0.0020351077
   -0.0017217198
   -0.0012793242
   -0.0007590338
   -0.0001901615
    0.0004249446
    0.0011125401
    0.0019216384
    0.0029113819
    0.0041351992
   -0.0030774430
   -0.0026986347
   -0.0024042018
   -0.0027639380
   -0.0029277212
   -0.0028447646
   -0.0025531852
   -0.0021223036
   -0.0016194526
   -0.0010948322
   -0.0005689488
   -0.0000214850
    0.0006077634
    0.0014027243
    0.0024530426
    0.0038505455
   -0.0058031532
   -0.0036805345
   -0.0038538866
   -0.0038071843
   -0.0035234437
   -0.0030542195
   -0.0024764775
   -0.0018714445
   -0.0013065933
   -0.0008092390
   -0.0003447024
    0.0001793425
    0.0008837336
    0.0018938914
   -0.0116492805
   -0.0094440032
   -0.0053294581
   -0.0052414531
   -0.0050294750
   -0.0045972053
   -0.0039554151
   -0.0031760290
   -0.0023671201
   -0.0016474429
   -0.0010972883
   -0.0007042246
   -0.0003524421
    0.0001307988
    0.0009223581
   -0.0124276830
   -0.0100309105
   -0.0085575088
   -0.0076920127
   -0.0070604336
   -0.0063868114
   -0.0055443363
   -0.0045301722
   -0.0034361306
   -0.0024242585
   -0.0010486915
   -0.0008826412
   -0.0005007071
   -0.0168567922
   -0.0134824416
   -0.0112972737
   -0.0097727683
   -0.0084833366
   -0.0071766556
   -0.0057796816
   -0.0043832383
   -0.0023470957
   -0.0024864964
   -0.0185873304
   -0.0149179487
   -0.0123570491
   -0.0102918563
   -0.0084044836
   -0.0066685389
   -0.0051582075
   -0.0167292497
   -0.0134940048
   -0.0110053712
   -0.0092001301
   -0.0087115929
   -0.0101831229
   -0.0197678230
   -0.0158819748
   -0.0141099198
   -0.0147776432
    0.0062623817
    0.0055133063
    0.0064918411
    0.0067536744
    0.0066902504
    0.0062496278
    0.0052613710
    0.0067739582
    0.0067254882
    0.0069619799
    0.0070932586
    0.0071563586
    0.0036456056
    0.0067065231
    0.0068342877
    0.0071573344
    0.0073600843
    0.0075693394
    0.0076764141
    0.0024986446
    0.0063705242
    0.0067078779
    0.0069618138
    0.0074582937
    0.0077390950
    0.0080533605
    0.0083122664
    0.0083472669
    0.0017867308
    0.0004901523
    0.0056081319
    0.0062960943
    0.0068309774
    0.0071903169
    0.0078941103
    0.0083185345
    0.0088128199
    0.0092710883
    0.0094978697
    0.0092683896
    0.0083937290
    0.0022472248
    0.0000794641
   -0.0014584415
    0.0053912920
    0.0063220055
    0.0070275669
    0.0075100516
    0.0084070878
    0.0091085549
    0.0099361494
    0.0107534145
    0.0113043813
    0.0112867346
    0.0104372241
    0.0086315673
    0.0059713529
    0.0028025671
   -0.0003660408
   -0.0030089177
   -0.0047074733
    0.0038398444
    0.0050954059
    0.0088954053
    0.0100880614
    0.0114862053
    0.0129153548
    0.0140340718
    0.0144033166
    0.0136016676
    0.0113903710
    0.0078618644
    0.0034660080
   -0.0011155349
   -0.0051677767
   -0.0081133092
   -0.0095933482
    0.0030538218
    0.0093441404
    0.0113913432
    0.0137822272
    0.0162554990
    0.0182696324
    0.0190562527
    0.0015420896
    0.0030076222
    0.0097411157
    0.0130862295
    0.0170463146
   -0.0007140060
    0.0008582211
    0.0027048950
    0.0047426794
    0.0070235870
    0.0100371433
    0.0152724769
   -0.0040130412
   -0.0022203590
    0.0000119806
    0.0026863754
    0.0059361909
   -0.0090321389
   -0.0067094135
   -0.0038974753
   -0.0004170769
    0.0040367122
   -0.0015353113
   -0.0062172547
   -0.0097496656
   -0.0119283994
    0.0061825477
   -0.0001294983
   -0.0056842461
   -0.0101605471
   -0.0133977272
   -0.0153378755
   -0.0160107133
    0.0066557823
   -0.0001368662
   -0.0061261910
   -0.0110198941
   -0.0146990776
   -0.0171553235
   -0.0184772707
   -0.0188734138
    0.0045274935
   -0.0022730053
   -0.0081742821
   -0.0129411146
   -0.0165056835
   -0.0189091492
   -0.0202838357
   -0.0208399657
   -0.0208047934
    0.0046281238
   -0.0023780207
   -0.0085556235
   -0.0135618324
   -0.0172966497
   -0.0198091454
   -0.0212486656
   -0.0218102196
   -0.0216454416
   -0.0207958069
   -0.0156588217
   -0.0139067894
   -0.0117390404
   -0.0087916007
   -0.0049135802
   -0.0001043060
    0.0054931057
    0.0082479630
    0.0036359006
   -0.0029544483
   -0.0089774359
   -0.0139212927
   -0.0176055452
   -0.0200518926
   -0.0213959328
   -0.0218054064
   -0.0214195846
   -0.0203713590
   -0.0188489723
   -0.0169907722
   -0.0146931811
   -0.0116928563
   -0.0077909598
   -0.0029625226
    0.0025792543
    0.0045433704
    0.0039972485
   -0.0018365235
   -0.0080148575
   -0.0133348289
   -0.0172541981
   -0.0196737152
   -0.0207234943
   -0.0206052189
   -0.0195207213
   -0.0176150257
   -0.0148565427
   -0.0110778523
   -0.0062395821
   -0.0007012033
    0.0000360712
    0.0010089150
   -0.0020293120
   -0.0074013805
   -0.0127372310
   -0.0165791431
   -0.0184768068
   -0.0185201369
   -0.0169329872
   -0.0138418661
   -0.0093685666
   -0.0041730544
   -0.0054367742
   -0.0091254686
   -0.0139786280
   -0.0153652623
   -0.0126343757
   -0.0076486128
   -0.0109624154
   -0.0014825136
   -0.0015066147
   -0.0033645922
   -0.0028269584
   -0.0026067101
   -0.0062217860
   -0.0050589320
   -0.0044514067
   -0.0086264816
   -0.0073002106
   -0.0033868262
   -0.0024370961
   -0.0019180545
   -0.0017668184
   -0.0048353634
   -0.0038826795
   -0.0036235691
   -0.0069283988
   -0.0068604659
    0.0043334222
    0.0035058540
    0.0044244268
    0.0052135625
    0.0033148415
    0.0041792628
    0.0050505912
    0.0058299496
    0.0034378782
    0.0043182896
    0.0066369984
    0.0073915866
    0.0053289558
    0.0063022388
    0.0072833713
    0.0044453880
    0.0057044283
    0.0070394946
    0.0046162064
    0.0065288066
    0.0071312386
    0.0063812573
    0.0053311785
    0.0076196003
    0.0068232799
    0.0056548106
    0.0043145255
    0.0081354525
    0.0069086697
    0.0052495043
    0.0033994576
    0.0201806957
    0.0203321706
    0.0192330555
    0.0167821699
    0.0128144309
    0.0178909695
    0.0195045026
    0.0198300094
    0.0188603907
    0.0165275893
    0.0126960669
    0.0163010138
    0.0180125880
    0.0181733941
    0.0167973524
    0.0138161038
    0.0090822294
    0.0129227805
    0.0139416862
    0.0154802822
    0.0150755919
    0.0127402845
    0.0084051166
    0.0103378438
    0.0108061152
    0.0113194978
    0.0087372592
