   -0.0036864589     0.0013389376     0.0005952461
   -0.0018950957     0.0005940376     0.0038005196
   -0.0032586165    -0.0005310157     0.0017525097
   -0.0023922290    -0.0010533840    -0.0005431457
   -0.0009249554    -0.0008273769    -0.0015278525
   -0.0008621973    -0.0000307902    -0.0018391859
   -0.0029693630     0.0002085035    -0.0013945497
   -0.0044796261    -0.0010329701     0.0015251400
   -0.0015055997    -0.0009787289    -0.0001279724
    0.0001732564    -0.0005408067     0.0009424512
    0.0006129892    -0.0008987394     0.0015538592
    0.0008262500    -0.0007511706    -0.0001711749
   -0.0001133141     0.0002393081    -0.0015762739
   -0.0018203631    -0.0001941609    -0.0017812744
   -0.0016404269     0.0011884654    -0.0004480360
    0.0000933922    -0.0023784009     0.0009913854
    0.0006586260    -0.0000174838    -0.0010636195
   -0.0001743831     0.0006518155    -0.0015063971
   -0.0007348198     0.0003248537    -0.0017438268
   -0.0009688655    -0.0004091732    -0.0021704785
   -0.0007639414    -0.0014312385    -0.0026658125
   -0.0001277903    -0.0022997875    -0.0027972066
    0.0005249265    -0.0027930414    -0.0021264084
    0.0011604345    -0.0033536186    -0.0004811366
    0.0008408305    -0.0009064914    -0.0011193448
    0.0004008202     0.0009698597    -0.0011284816
   -0.0003449860     0.0011721278    -0.0006073435
   -0.0006740122     0.0009226400     0.0000627244
   -0.0006947103     0.0007847685     0.0003080541
   -0.0010237675     0.0007107765    -0.0001807078
   -0.0016419216    -0.0001766433    -0.0008261119
   -0.0014756617    -0.0020423072    -0.0009423213
    0.0000524605    -0.0050982470     0.0001375592
    0.0012040746    -0.0001553045    -0.0018664729
   -0.0000365876     0.0016247586    -0.0007715185
   -0.0020051270     0.0005655274     0.0005386964
    0.0003003857    -0.0006435178     0.0008905405
   -0.0009076927    -0.0017240591    -0.0006298084
    0.0017742812    -0.0002682832    -0.0045162492
    0.0009864142     0.0022293427    -0.0015881214
   -0.0029815238     0.0017474971    -0.0007104931
    0.0016511007    -0.0005647875    -0.0017679227
    0.0076874611     0.0053482809    -0.0080383082
    0.0044232969     0.0037705417    -0.0042376872
    0.0011609760     0.0045271077    -0.0019637733
    0.0083313398     0.0103617755    -0.0033228379
    0.0017216458     0.0085769936    -0.0027120709
   -0.0011444032     0.0002709789     0.0043235158
    0.0011169842     0.0002166604     0.0038530111
    0.0023229155     0.0004995341     0.0026899352
    0.0024066573    -0.0008950432     0.0032214362
    0.0020283252     0.0003394827     0.0028108975
    0.0014788900     0.0008028640     0.0016438558
    0.0027259468     0.0004679880     0.0018359663
    0.0022961231    -0.0032587490     0.0022584116
    0.0027252455    -0.0015097912     0.0039806585
    0.0023078077     0.0007083671     0.0032816638
    0.0018412951     0.0017009855     0.0026794844
    0.0011450801    -0.0000421052     0.0019697496
    0.0026941732     0.0007618443     0.0025569659
   -0.0046854962     0.0005794269    -0.0038502356
    0.0023299062    -0.0000470140     0.0035494869
    0.0027652445     0.0003015698     0.0052740914
    0.0018656227     0.0028000878     0.0060032069
   -0.0045061445    -0.0028554489    -0.0076345908
   -0.0007364132    -0.0009088632    -0.0092178958
    0.0064569029    -0.0008880289     0.0047075379
    0.0083221554     0.0022893531     0.0090437445
    0.0052511549     0.0081504614     0.0129726732
   -0.0044602475     0.0100355170     0.0128912583
   -0.0132347248     0.0026673683     0.0062317681
    0.0073272340    -0.0048627009    -0.0006185095
    0.0163874600    -0.0032156738     0.0052468023
   -0.0021452611    -0.0006195611    -0.0052771994
   -0.0059050112     0.0063706738    -0.0066923745
   -0.0077508686     0.0015811083    -0.0058481837
   -0.0069156002    -0.0035441782    -0.0061369685
   -0.0022796490    -0.0090390155    -0.0052173462
   -0.0161540802    -0.0002678695     0.0050634807
   -0.0091049552    -0.0119551385    -0.0029275695
    0.0022156778    -0.0151185964    -0.0081138187
    0.0114309039    -0.0103232198    -0.0114378567
    0.0145420526    -0.0010211835    -0.0138454160
   -0.0185026744    -0.0030811642     0.0031510745
   -0.0071074289    -0.0154609812     0.0007641223
    0.0058516442    -0.0179219211    -0.0009030709
    0.0159526279    -0.0129559758    -0.0024854433
    0.0205763270    -0.0040443239    -0.0043050948
    0.0194145883     0.0046764177    -0.0065192778
   -0.0147114954    -0.0098970534     0.0023451200
   -0.0005214903    -0.0169934467     0.0055695232
    0.0119666502    -0.0145391568     0.0067340295
    0.0193685323    -0.0063457057     0.0062656202
    0.0206267872     0.0032536376     0.0046400942
    0.0171309650     0.0109236451     0.0026667062
    0.0110401694     0.0159989002     0.0007838816
    0.0040235571     0.0195593606    -0.0022698619
   -0.0013257545     0.0207540637    -0.0053697900
   -0.0067552424     0.0179638967    -0.0042141276
   -0.0126002513     0.0118462705    -0.0028635810
   -0.0151943855     0.0026741089    -0.0025481893
   -0.0113619962    -0.0079275546    -0.0032324177
    0.0014431106    -0.0162405490    -0.0052962137
   -0.0157150463    -0.0086798962    -0.0002983623
   -0.0030022351    -0.0145714252     0.0083671622
    0.0085653448    -0.0116443343     0.0124992534
    0.0151104689    -0.0034399677     0.0136137757
    0.0157022695     0.0058213588     0.0128992958
    0.0117429926     0.0133273919     0.0115347195
    0.0050748826     0.0180794450     0.0101775695
   -0.0029527959     0.0190456157     0.0092831814
   -0.0110758090     0.0148402931     0.0087844209
   -0.0162903778     0.0053445066     0.0072618929
   -0.0146519308    -0.0070563271     0.0032239689
   -0.0037903378    -0.0171870422    -0.0052638379
   -0.0106529466    -0.0119786859     0.0027958831
   -0.0005946320    -0.0117848840     0.0123176954
    0.0068537302    -0.0055381024     0.0169469994
    0.0082931472     0.0028509804     0.0184646710
    0.0040844008     0.0092145845     0.0185612109
   -0.0036087328     0.0105731644     0.0179479026
   -0.0111905072     0.0050721124     0.0157807908
   -0.0136338717    -0.0058070162     0.0100421406
   -0.0084325479    -0.0157099937    -0.0013950523
   -0.0099470474    -0.0139340835    -0.0038855204
   -0.0082305020    -0.0125182412     0.0056260622
   -0.0011007534    -0.0078061515     0.0157697544
   -0.0015745864    -0.0012813284     0.0191212055
   -0.0082061524    -0.0038731218     0.0161890169
   -0.0096677050    -0.0130654416     0.0050353472
   -0.0069517102    -0.0103113494     0.0113526778
   -0.0009295749     0.0015727891     0.0022524913
   -0.0018916142     0.0003060436     0.0031181511
   -0.0010407136    -0.0017341154     0.0025728156
   -0.0020546797     0.0040916316    -0.0000242380
   -0.0042147073     0.0026147980     0.0011471871
   -0.0046308503    -0.0005573853     0.0015086816
   -0.0024863922    -0.0029503238     0.0010562410
    0.0001352079     0.0048787151    -0.0063087079
   -0.0021291914     0.0051381717    -0.0040695167
   -0.0047693338     0.0031576407    -0.0028283792
   -0.0053627353    -0.0001892112    -0.0021670304
   -0.0034296020    -0.0028511616    -0.0018319598
   -0.0004181708    -0.0030996425    -0.0017096400
    0.0028417709     0.0050558969    -0.0096900695
   -0.0014605112     0.0036681972    -0.0072724804
   -0.0029450659     0.0004768514    -0.0059927039
   -0.0013014502    -0.0019071742    -0.0047701621
    0.0094477350     0.0056125798    -0.0124189639
    0.0031815419     0.0032961001    -0.0091387690
    0.0019073892     0.0008841208    -0.0070821232
   -0.0001962062    -0.0010463699     0.0022415907
   -0.0033628243     0.0003037176     0.0001822534
   -0.0029673806    -0.0023831726     0.0006659815
   -0.0009174578    -0.0038993086     0.0008735930
    0.0013258423    -0.0035102311     0.0008875012
    0.0022767588    -0.0019249259     0.0006460931
   -0.0031289753     0.0029771933    -0.0017684534
   -0.0043078753    -0.0006748821    -0.0021129324
   -0.0025714938    -0.0037963861    -0.0025222188
    0.0006023337    -0.0045106284    -0.0026954051
    0.0029351383    -0.0027357651    -0.0027071808
    0.0029000880    -0.0001316011    -0.0030665414
   -0.0024744456     0.0058182928    -0.0036953995
   -0.0038070436     0.0014986196    -0.0049189226
   -0.0019155290    -0.0015268382    -0.0059258970
    0.0010504646    -0.0013112710    -0.0062266631
    0.0020131270     0.0017812206    -0.0062160425
   -0.0006772743     0.0062634538    -0.0076548814
   -0.0008622060     0.0108123877    -0.0051410784
   -0.0021388773     0.0049531182    -0.0068537841
   -0.0003868458     0.0045606806    -0.0076667092
   -0.0017016993     0.0111829284    -0.0075838562
   -0.0011809038     0.0126480226    -0.0064024681
   -0.0016985284     0.0000710581     0.0056567794
   -0.0005578178     0.0019725563     0.0049069384
   -0.0032225680     0.0018750749     0.0032868105
   -0.0041913863     0.0003224608     0.0031242485
   -0.0030331962    -0.0022610398     0.0045261940
    0.0002073174    -0.0028378762     0.0056149239
    0.0016383008    -0.0002643319     0.0057703689
    0.0022824034     0.0013987051     0.0041339071
   -0.0007040112     0.0022305842     0.0038404425
   -0.0044724936    -0.0002289289     0.0000883175
   -0.0041952426    -0.0026374792     0.0013191559
   -0.0020877217    -0.0047715998     0.0022962846
    0.0010066874    -0.0051138405     0.0029546692
    0.0034210172    -0.0034383207     0.0033872991
    0.0038976765    -0.0008017997     0.0037640493
   -0.0022106088    -0.0040108012    -0.0011262102
   -0.0001088568    -0.0049668298    -0.0008715937
    0.0021051795    -0.0046619765    -0.0005128887
    0.0035999691    -0.0033798411     0.0001058429
    0.0040287469    -0.0018158618     0.0012893455
    0.0023264679     0.0015842577     0.0031360590
    0.0018379466    -0.0047604685     0.0025476574
    0.0032558800    -0.0028471432     0.0035152885
    0.0036561451    -0.0002303470     0.0037552748
    0.0038118204     0.0014730350     0.0024396712
    0.0024453129    -0.0052157295     0.0011117229
    0.0046820969    -0.0033632591     0.0018493830
    0.0052461302    -0.0005603109     0.0022533658
    0.0049607466     0.0006966603     0.0005041120
    0.0039932364     0.0007739531     0.0023516989
    0.0003275174    -0.0053381491    -0.0018404773
    0.0027775539    -0.0051689482    -0.0014788819
    0.0049948044    -0.0035475123    -0.0010130520
    0.0057486106    -0.0011010910    -0.0004283539
    0.0049038078    -0.0012047741    -0.0014260496
    0.0004440393    -0.0042642806    -0.0042472190
    0.0029071241    -0.0037070653    -0.0039429256
    0.0043368939    -0.0020588700    -0.0031567989
    0.0045027437    -0.0059944503    -0.0031958680
   -0.0035503818    -0.0016676263    -0.0064359897
   -0.0013037326    -0.0033344708    -0.0057762866
    0.0010428613    -0.0038472280    -0.0049940880
   -0.0011234588     0.0000006984     0.0054584720
    0.0004842249     0.0016988475     0.0054502348
   -0.0024775627     0.0016142357     0.0052189567
   -0.0038005739    -0.0003613824     0.0042922045
    0.0015863722     0.0002977495     0.0049050692
    0.0028989347     0.0015400645     0.0036284012
    0.0011711941     0.0034818995     0.0043541487
   -0.0019907773     0.0040541791     0.0041535424
   -0.0045770098     0.0025749153     0.0031074670
   -0.0053226298     0.0004142233     0.0020652859
    0.0030616231     0.0007198055     0.0020486173
    0.0024819601     0.0029147839     0.0027726924
   -0.0000563811     0.0047759107     0.0026759922
   -0.0033255241     0.0046475819     0.0016741769
   -0.0054600642     0.0028043045     0.0001214356
   -0.0057124975     0.0009667045    -0.0011746627
    0.0024806439     0.0019072042     0.0035825242
    0.0002336922     0.0041015347     0.0029097029
   -0.0030812780     0.0043790320     0.0012408789
   -0.0055850690     0.0025922412    -0.0011584714
   -0.0060034261     0.0003376098    -0.0038101887
   -0.0087664296     0.0016144620     0.0008349800
    0.0173862487     0.0058670680     0.0089915305
    0.0104787633     0.0151169039     0.0098137281
   -0.0013062147     0.0176377179     0.0093519656
   -0.0130242164     0.0107576131     0.0074827248
    0.0202686482     0.0047916914    -0.0008797587
    0.0154363724     0.0152565886    -0.0003908038
    0.0052441749     0.0208069918    -0.0000177879
   -0.0068322367     0.0190618066     0.0004106576
   -0.0164279584     0.0091879106     0.0011389315
    0.0175846585    -0.0069049818    -0.0017911772
    0.0174762592     0.0045615095    -0.0107616512
    0.0113674949     0.0149705185    -0.0109299494
   -0.0002179023     0.0186884399    -0.0100236890
   -0.0121935726     0.0135163453    -0.0077060836
   -0.0188748864     0.0000962009    -0.0030185988
    0.0015926908    -0.0171694607    -0.0064187196
    0.0146694425    -0.0080986136    -0.0094759486
    0.0096230623     0.0025706984    -0.0179701857
    0.0019020804     0.0101237281    -0.0180651412
   -0.0093676556     0.0085368905    -0.0152241064
   -0.0168968458    -0.0019728961    -0.0086812397
    0.0080761242    -0.0092793416    -0.0147304311
   -0.0025806348    -0.0015213105    -0.0192870532
   -0.0116974854    -0.0045054475    -0.0143472029
   -0.0006111719    -0.0107255982    -0.0157014885
   -0.0088938864    -0.0126988009    -0.0115536786
   -0.0022844497     0.0005166623     0.0004321797
   -0.0013488519     0.0004265556     0.0020786543
   -0.0020979855    -0.0001650901     0.0009092128
   -0.0018052224    -0.0004872712    -0.0003860910
   -0.0011603625    -0.0003849525    -0.0011061404
   -0.0011412314    -0.0000155184    -0.0012640793
   -0.0020521624     0.0000074995    -0.0007928115
   -0.0024723348    -0.0006957275     0.0005710783
   -0.0013159317    -0.0008336078    -0.0005254575
   -0.0003017696    -0.0006991993    -0.0007146616
    0.0001627532    -0.0004927599    -0.0007830597
    0.0000698901    -0.0001555465    -0.0011668311
   -0.0006288146     0.0001279661    -0.0013909413
   -0.0016191565    -0.0003284014    -0.0011527394
   -0.0019206313    -0.0004016196    -0.0005229438
   -0.0006142870    -0.0001238761    -0.0002343875
   -0.0002650631     0.0000115903     0.0006952975
   -0.0001369955    -0.0005395967     0.0008966643
    0.0003545493    -0.0007125145    -0.0000154492
    0.0004460686    -0.0001063664    -0.0009507885
   -0.0000855830     0.0003348874    -0.0013352392
   -0.0007193995     0.0001513244    -0.0014167452
   -0.0010910839    -0.0005496150    -0.0014516487
   -0.0009801960    -0.0015545044    -0.0014669999
    0.0015698885    -0.0020245796     0.0001477210
   -0.0019365560     0.0003219743    -0.0019129393
   -0.0008142488     0.0013170244    -0.0008856281
   -0.0001501291    -0.0013675638     0.0000866630
    0.0006179609    -0.0002402332    -0.0008396509
    0.0003525305     0.0005460380    -0.0011370353
   -0.0001098163     0.0007427073    -0.0011630116
   -0.0004486394     0.0006413029    -0.0011642984
   -0.0006631087     0.0003938508    -0.0012379493
   -0.0007776169     0.0000204729    -0.0013864336
   -0.0007935537    -0.0004854429    -0.0014956277
   -0.0006603503    -0.0011234539    -0.0013795485
   -0.0002728022    -0.0018492561    -0.0009008187
    0.0004994437    -0.0026118010     0.0001247625
   -0.0001827904     0.0017727107    -0.0040656966
    0.0000960835    -0.0013183796    -0.0009416219
    0.0007708336     0.0002224260    -0.0010705501
    0.0003445876     0.0009829743    -0.0009242430
   -0.0001956467     0.0010830469    -0.0006185907
   -0.0005227510     0.0008896917    -0.0002739544
   -0.0006237641     0.0006816301    -0.0000797654
   -0.0007316318     0.0005586769    -0.0001816163
   -0.0010205294     0.0002432911    -0.0004834459
   -0.0012074972    -0.0005739132    -0.0007236722
   -0.0008581954    -0.0018264832    -0.0006994106
    0.0030721483     0.0011069736    -0.0085248253
    0.0005206195    -0.0008288151    -0.0019414079
    0.0009638459     0.0007287426    -0.0012228106
    0.0001697899     0.0013846203    -0.0006990897
   -0.0007876260     0.0010127612    -0.0001341027
   -0.0011753441    -0.0000363291     0.0004743792
   -0.0001372165    -0.0002394813     0.0003433599
   -0.0007314738    -0.0004527330    -0.0003196142
   -0.0008586427    -0.0016237726    -0.0009679265
    0.0013642950     0.0001798043    -0.0031471161
    0.0014509583     0.0013100235    -0.0016071783
    0.0002212639     0.0019515439    -0.0008330499
   -0.0015027033     0.0011836755    -0.0004677755
    0.0005614288    -0.0003775926    -0.0008406525
   -0.0006396265    -0.0006838500    -0.0017285196
    0.0101824209     0.0039552635    -0.0066958294
    0.0054169192     0.0030418683    -0.0051903037
    0.0035746246     0.0023831897    -0.0032335970
    0.0022215540     0.0027879021    -0.0016551722
    0.0001086677     0.0030245174    -0.0010999517
   -0.0002256428     0.0011293258    -0.0029851419
    0.0096966231     0.0063836809    -0.0023559116
    0.0050617817     0.0053174959    -0.0015890163
    0.0018928499     0.0050933962    -0.0011906640
    0.0031426676     0.0085981874    -0.0005729047
    0.0018078577     0.0138001658     0.0001626475
   -0.0009660613     0.0003120261     0.0025184073
   -0.0000772343     0.0001205000     0.0029352409
   -0.0015920970    -0.0001818467     0.0028357694
    0.0003794136     0.0001902947     0.0025167031
    0.0010376077     0.0003074634     0.0020838171
    0.0014172422    -0.0003506707     0.0022285840
    0.0011202617     0.0000870535     0.0020518761
    0.0011153513     0.0003228778     0.0014088186
    0.0013889413     0.0004237657     0.0017140189
   -0.0032938884    -0.0003120953     0.0004062310
    0.0015387742    -0.0007745804     0.0018711086
    0.0013500009     0.0000610095     0.0017318932
    0.0010846551     0.0003826499     0.0014201431
    0.0009699251     0.0001600639     0.0013021588
    0.0014729809     0.0005773401     0.0017579630
    0.0014512538    -0.0022324187     0.0015058450
    0.0017602503     0.0001366953     0.0020452895
    0.0017312660     0.0005907175     0.0017558279
    0.0011120468     0.0000587867     0.0017550525
    0.0012418869     0.0001124850     0.0022555690
    0.0012737594     0.0011222335     0.0026677384
   -0.0030256150    -0.0005551863    -0.0034166669
   -0.0013984893     0.0001289865    -0.0037498615
    0.0005539454    -0.0033800424     0.0003312499
    0.0022511485    -0.0001004470     0.0023300679
    0.0025250857     0.0003216310     0.0035772058
    0.0020975541     0.0017800614     0.0046296596
    0.0001805499     0.0032210449     0.0047527565
   -0.0028398747     0.0032983701     0.0034069087
   -0.0051563296    -0.0017942875    -0.0023710642
   -0.0026336453    -0.0034121359    -0.0050608080
    0.0002089443    -0.0023765273    -0.0066618240
    0.0014296908     0.0010034643    -0.0070009880
    0.0045330236    -0.0006981540     0.0025451644
    0.0059487726     0.0011141709     0.0048120227
    0.0054904560     0.0047340568     0.0071163161
    0.0014126179     0.0078227204     0.0084119477
   -0.0050262457     0.0069230338     0.0071827770
   -0.0091832880     0.0011097814     0.0031941561
    0.0045845343    -0.0029711763    -0.0004931956
    0.0085588537    -0.0020778474     0.0019344003
   -0.0011303165     0.0002726943    -0.0029898622
   -0.0017059349    -0.0013093565    -0.0033845213
    0.0060349634    -0.0069260453    -0.0020810600
   -0.0022923740     0.0040387058    -0.0044071327
   -0.0040497130     0.0017399967    -0.0034897759
   -0.0042221897    -0.0008021705    -0.0035696618
   -0.0028581844    -0.0031747149    -0.0036686994
    0.0001105399    -0.0053135705    -0.0030364619
   -0.0075767753     0.0076003015    -0.0020800554
   -0.0089647824     0.0026352725    -0.0018119702
   -0.0082898267    -0.0028212428    -0.0021280586
   -0.0107671298     0.0017763355     0.0035706036
   -0.0079508695    -0.0059353679    -0.0004931304
   -0.0019585072    -0.0098743649    -0.0034913518
    0.0043792321    -0.0096021232    -0.0056536385
    0.0089014269    -0.0059727928    -0.0072679144
    0.0103242561    -0.0005267015    -0.0088117780
   -0.0111873154    -0.0027014051     0.0013069835
   -0.0050291877    -0.0096879145     0.0001414139
    0.0024167932    -0.0117945230    -0.0007937931
    0.0088693510    -0.0098264424    -0.0017014871
    0.0128501580    -0.0052118276    -0.0027326109
    0.0138054261     0.0002088689    -0.0040087687
    0.0122413326     0.0045614764    -0.0055216022
   -0.0110216542    -0.0042492668     0.0005520450
   -0.0038570552    -0.0104029654     0.0022375263
    0.0038841503    -0.0115076610     0.0030946448
    0.0101446424    -0.0087519706     0.0032340207
    0.0137340914    -0.0037521589     0.0027489013
    0.0144048845     0.0017098583     0.0018351058
    0.0127455117     0.0062732470     0.0008829232
    0.0095251891     0.0096002993     0.0002223874
    0.0021326953    -0.0097917430    -0.0036856656
   -0.0116561765    -0.0035147190    -0.0015010037
   -0.0049447014    -0.0094472085     0.0033277236
    0.0026922159    -0.0103045088     0.0061402578
    0.0087922196    -0.0072381620     0.0074416607
    0.0120569380    -0.0020125773     0.0076084186
    0.0123067907     0.0035531122     0.0070674372
    0.0101583070     0.0082674708     0.0062396563
    0.0064366348     0.0117237827     0.0052269104
    0.0020473268     0.0136791069     0.0039329729
   -0.0022380758     0.0136509283     0.0030536885
   -0.0064552102     0.0113364996     0.0029776263
   -0.0098579199     0.0067580041     0.0027698912
   -0.0108242190     0.0004563241     0.0017743897
   -0.0079714531    -0.0061436181    -0.0003998013
   -0.0007608332    -0.0106215457    -0.0042815416
   -0.0092829726    -0.0064599573    -0.0007243836
   -0.0029079504    -0.0092554870     0.0055665161
    0.0036484258    -0.0076859770     0.0092093687
    0.0078064875    -0.0030773384     0.0108620663
    0.0086485795     0.0024764142     0.0112004200
    0.0065581982     0.0072468496     0.0108552228
    0.0024874161     0.0101822503     0.0102207263
   -0.0025158244     0.0104819499     0.0095289275
   -0.0073029732     0.0075908831     0.0086437102
   -0.0101376303     0.0017854009     0.0068081533
   -0.0091769950    -0.0052604370     0.0031615991
   -0.0039747424    -0.0104024166    -0.0030919438
   -0.0086017891    -0.0069509143    -0.0033931592
   -0.0046608548    -0.0085067386     0.0048439446
    0.0009730594    -0.0064805911     0.0102035123
    0.0038316485    -0.0015750196     0.0127353425
    0.0025484397     0.0031392545     0.0134251868
   -0.0017339116     0.0049190074     0.0129992249
   -0.0064803969     0.0022603320     0.0112871127
   -0.0084450073    -0.0039284964     0.0072209303
   -0.0062100859    -0.0094340384    -0.0000592611
   -0.0065682779    -0.0089365408    -0.0004687770
   -0.0053260916    -0.0082548213     0.0045546764
   -0.0015713672    -0.0054248565     0.0105512974
   -0.0019523658    -0.0018128695     0.0125284592
   -0.0055751896    -0.0033140794     0.0103550438
   -0.0065584237    -0.0081138570     0.0039121606
   -0.0048991717    -0.0067347989     0.0077257539
   -0.0004467191     0.0001183123     0.0009413890
   -0.0003244949    -0.0005718961     0.0009964913
   -0.0011635965     0.0016307733    -0.0000116780
   -0.0018958868     0.0009349781     0.0006422731
   -0.0018923493    -0.0003944968     0.0008086358
   -0.0008675873    -0.0013533795     0.0004672856
   -0.0002934985     0.0023480931    -0.0031870293
   -0.0014109037     0.0024853164    -0.0019338705
   -0.0025574027     0.0014698743    -0.0011695660
   -0.0027146872    -0.0001559095    -0.0007989470
   -0.0016789768    -0.0014260302    -0.0007301752
    0.0024017540     0.0021275497    -0.0068422651
    0.0002926424     0.0026644248    -0.0047082961
   -0.0014575845     0.0017988333    -0.0036361653
   -0.0019631168     0.0002270068    -0.0029868621
   -0.0011271620    -0.0010098074    -0.0024945874
    0.0052303710     0.0024952677    -0.0074834042
    0.0018754944     0.0021800217    -0.0057291456
    0.0005466959     0.0009547861    -0.0047179970
    0.0008550350     0.0000732858    -0.0037694006
    0.0080005157     0.0035506552    -0.0067511201
    0.0044350954     0.0025409331    -0.0052480833
   -0.0010832633    -0.0006575438     0.0007080089
   -0.0003293648    -0.0009983880     0.0008183715
   -0.0021045307    -0.0002894969    -0.0004968216
   -0.0013849216    -0.0016910602    -0.0004865817
   -0.0001207127    -0.0021383453    -0.0005049571
    0.0008893533    -0.0016210274    -0.0005655104
    0.0010474217    -0.0006951831    -0.0007796024
   -0.0021946670     0.0015262474    -0.0018029345
   -0.0020581025    -0.0004869044    -0.0022022115
   -0.0008424372    -0.0015901092    -0.0024660921
    0.0005357740    -0.0014102375    -0.0025713564
    0.0011403730    -0.0002298864    -0.0026466759
    0.0004361179     0.0012340354    -0.0030696243
   -0.0012174667     0.0045299291    -0.0025269120
   -0.0018145671     0.0020296007    -0.0034082214
   -0.0009377276     0.0007401528    -0.0039728195
    0.0000796668     0.0012337246    -0.0041366038
   -0.0002481358     0.0032893766    -0.0041809350
   -0.0010879544     0.0056237569    -0.0036056948
   -0.0009436957     0.0054156482    -0.0041758596
   -0.0027800241     0.0108499997    -0.0033930161
   -0.0008520298     0.0117908606    -0.0021735953
   -0.0012774981    -0.0001184803     0.0031482558
   -0.0007095319     0.0008135823     0.0029398162
   -0.0021220898     0.0007837639     0.0018288436
   -0.0025496628     0.0000531758     0.0016173973
   -0.0019341282    -0.0012631458     0.0024779349
   -0.0002366886    -0.0016348000     0.0032427117
    0.0005107253    -0.0003482162     0.0034503215
    0.0010783018     0.0004528941     0.0028258786
   -0.0004763005     0.0009763903     0.0026287195
   -0.0026996706    -0.0006297665     0.0001759301
   -0.0022746045    -0.0018897746     0.0009405345
   -0.0010309964    -0.0028201166     0.0015559207
    0.0005315582    -0.0028566024     0.0020003583
    0.0016762235    -0.0019922473     0.0023286331
    0.0018880243    -0.0006934976     0.0026159276
   -0.0018516754    -0.0019011187    -0.0006917599
   -0.0009672652    -0.0027585092    -0.0003763482
    0.0002240025    -0.0030732305    -0.0000944088
    0.0013356714    -0.0028024546     0.0002159276
    0.0020555626    -0.0021200948     0.0006526350
    0.0022624609    -0.0012729419     0.0013347616
    0.0019713101    -0.0016274666     0.0020769812
    0.0020786696    -0.0003226732     0.0022260482
    0.0022376631     0.0004448606     0.0017567194
    0.0016892010    -0.0029263895     0.0009534410
    0.0026503719    -0.0018685447     0.0014231914
    0.0028540500    -0.0005323131     0.0016708115
    0.0030303750     0.0000981131     0.0009407169
    0.0004740241    -0.0034081026    -0.0006942574
    0.0019241727    -0.0031017710    -0.0003068149
    0.0030369750    -0.0021370027     0.0000765259
    0.0034055177    -0.0008596931     0.0004552964
    0.0033588327    -0.0007447337    -0.0002358386
   -0.0001407527    -0.0028203361    -0.0021292144
    0.0012149305    -0.0029492649    -0.0019107277
    0.0024599837    -0.0023485628    -0.0015857624
    0.0031363671    -0.0014012854    -0.0010846932
    0.0032627895    -0.0025581507    -0.0013805860
   -0.0007480160    -0.0022633014    -0.0032501302
    0.0006435890    -0.0024990848    -0.0029697695
    0.0018456745    -0.0023469439    -0.0024268158
   -0.0027499462    -0.0024467561    -0.0037502066
   -0.0007135205    -0.0040437470    -0.0033521972
   -0.0010019930     0.0001041489     0.0032051217
   -0.0000856432     0.0009248548     0.0032914591
   -0.0016975414     0.0008207810     0.0030323727
   -0.0024884814    -0.0002045180     0.0024107797
    0.0013772987     0.0008278723     0.0024809885
    0.0005584884     0.0017129106     0.0028618491
   -0.0009911795     0.0021419116     0.0027894103
   -0.0024865165     0.0016286708     0.0022013065
   -0.0032034453     0.0005775841     0.0014379640
    0.0014122591     0.0013636608     0.0021283076
    0.0003386530     0.0024217536     0.0022629643
   -0.0013246606     0.0027748610     0.0018819825
   -0.0028331103     0.0021986390     0.0010611487
   -0.0035668101     0.0011385316     0.0000553985
   -0.0034894496     0.0002909685    -0.0006865979
    0.0005973623     0.0022052765     0.0024277894
   -0.0011354852     0.0028342303     0.0017988546
   -0.0028899627     0.0023302870     0.0006344564
   -0.0038424348     0.0010479191    -0.0008787389
   -0.0036765272    -0.0000821662    -0.0024210519
   -0.0024996675     0.0032557559     0.0032385389
   -0.0047689920     0.0015397409     0.0008956550
    0.0075963873     0.0081524575     0.0085684667
    0.0014004868     0.0108026441     0.0082326479
   -0.0057309240     0.0089946996     0.0069046549
    0.0136805674     0.0024225886     0.0022729535
    0.0113394153     0.0089941469     0.0028360058
    0.0057085900     0.0132203867     0.0030413831
   -0.0016134268     0.0136413488     0.0029699854
   -0.0085018787     0.0094808255     0.0026351868
    0.0135706004     0.0019033560    -0.0039645345
    0.0115021137     0.0087634574    -0.0038858358
    0.0059993798     0.0132723355    -0.0036472968
   -0.0012924895     0.0140198613    -0.0031691568
   -0.0082632464     0.0103193120    -0.0023148581
   -0.0125097662     0.0022865883    -0.0008057484
    0.0111738824    -0.0053323652    -0.0039537996
    0.0104915868     0.0010329763    -0.0094286257
    0.0080244404     0.0074515368    -0.0098573650
    0.0021813780     0.0109225928    -0.0094880622
   -0.0048905376     0.0100937591    -0.0082384570
   -0.0106279423     0.0047372455    -0.0058135256
    0.0082067233    -0.0061277941    -0.0080799716
    0.0049028340    -0.0002623095    -0.0128144274
    0.0011761505     0.0044949514    -0.0131835017
   -0.0050834865     0.0045889698    -0.0116219095
   -0.0101925429    -0.0004178510    -0.0078479331
    0.0034706301    -0.0069717745    -0.0103053832
   -0.0029003803    -0.0026203527    -0.0124641952
   -0.0081768796    -0.0046996963    -0.0087600660
   -0.0019968911    -0.0080022947    -0.0098274396
   -0.0011808062     0.0004263858     0.0014788433
   -0.0015448967     0.0001911804     0.0005048055
   -0.0016711928     0.0000969239     0.0003113490
   -0.0001704095     0.0003717293     0.0020175488
   -0.0009761268     0.0002595413     0.0015202516
   -0.0014626865    -0.0000080520     0.0007783353
   -0.0014029890    -0.0001949510    -0.0000302498
   -0.0011184226    -0.0001830026    -0.0005150496
   -0.0011000829    -0.0000612373    -0.0006169112
   -0.0014736102    -0.0001234466    -0.0003141777
   -0.0016733347    -0.0003366683     0.0004078283
   -0.0011693852    -0.0004565262    -0.0003237585
   -0.0006358203    -0.0004107431    -0.0006311674
   -0.0003671368    -0.0002760767    -0.0007639255
   -0.0004352642    -0.0001096064    -0.0008794018
   -0.0008153384    -0.0000570826    -0.0008569482
   -0.0013028572    -0.0003888863    -0.0005724651
   -0.0015068875    -0.0011895580    -0.0000327716
   -0.0017640698    -0.0003286141    -0.0000492162
   -0.0009574720    -0.0003779501    -0.0004452766
   -0.0004049389    -0.0003091367    -0.0003861183
   -0.0001246300    -0.0003105208    -0.0002869497
    0.0000309984    -0.0003189596    -0.0004418588
    0.0000402159    -0.0001594348    -0.0007536677
   -0.0001993080     0.0000387095    -0.0009627866
   -0.0005931682     0.0000101753    -0.0009873810
   -0.0009285947    -0.0003480885    -0.0008875027
   -0.0010120797    -0.0009696256    -0.0007170646
   -0.0007114200    -0.0016570498    -0.0004957061
    0.0013038611    -0.0013421040     0.0007267500
    0.0012829348    -0.0009038037     0.0012870715
   -0.0009690273    -0.0000094419    -0.0007928830
   -0.0005439604     0.0002226081    -0.0003280777
   -0.0005493741     0.0001329170     0.0001860171
   -0.0004489402    -0.0002996483     0.0002620739
   -0.0000554218    -0.0005058186    -0.0001376727
    0.0002280447    -0.0002476663    -0.0006220592
    0.0001475304     0.0001254486    -0.0009082610
   -0.0001512106     0.0002877374    -0.0010004096
   -0.0004490511     0.0001902363    -0.0010076691
   -0.0006307694    -0.0000938210    -0.0010033813
   -0.0006483477    -0.0004825871    -0.0010050796
   -0.0004918995    -0.0008839817    -0.0009914781
   -0.0002093370    -0.0012082358    -0.0009135874
    0.0001152834    -0.0014239221    -0.0007085706
    0.0004420500    -0.0015631132    -0.0003160860
    0.0008132342    -0.0016187867     0.0003178212
   -0.0007692571     0.0003583053    -0.0018514169
   -0.0006357206     0.0009832489    -0.0010707310
   -0.0002465310    -0.0007436782    -0.0003332813
    0.0003172577    -0.0002727298    -0.0007055485
    0.0003437691     0.0002545584    -0.0008735567
    0.0000929946     0.0005357052    -0.0008877743
   -0.0001879456     0.0005786658    -0.0008356720
   -0.0003984680     0.0004793337    -0.0007815038
   -0.0005268980     0.0003064147    -0.0007659983
   -0.0005967214     0.0000858967    -0.0008017419
   -0.0006293702    -0.0001984431    -0.0008559719
   -0.0006010444    -0.0005814961    -0.0008561657
   -0.0004374379    -0.0010663497    -0.0007245741
   -0.0000561859    -0.0016026603    -0.0003899809
    0.0001498080     0.0011150646    -0.0030710889
    0.0000204886    -0.0006404318    -0.0009385418
    0.0005133670     0.0000516204    -0.0009317786
    0.0004006835     0.0005995151    -0.0008442142
    0.0000527728     0.0008133675    -0.0006902645
   -0.0002730868     0.0007622331    -0.0004999346
   -0.0004646044     0.0005777002    -0.0003230090
   -0.0005238458     0.0003884890    -0.0002265765
   -0.0005526956     0.0002489502    -0.0002552143
   -0.0006452485     0.0000706847    -0.0003852507
   -0.0007484143    -0.0002965673    -0.0005335896
   -0.0006854801    -0.0009062182    -0.0006108656
   -0.0002872631    -0.0017240461    -0.0005284301
    0.0023379150     0.0006426220    -0.0052438164
    0.0003803736    -0.0002818409    -0.0015372829
    0.0007301764     0.0004107280    -0.0011231976
    0.0004524720     0.0009295408    -0.0008139675
   -0.0000828163     0.0010261281    -0.0005387969
   -0.0005482335     0.0007273047    -0.0002629736
   -0.0007169416     0.0002222350    -0.0000128125
   -0.0005549720    -0.0001775350     0.0001382484
   -0.0003101395    -0.0002578760     0.0001241504
   -0.0002886716    -0.0001610763    -0.0000565207
   -0.0004950415    -0.0002483056    -0.0003422980
   -0.0006470665    -0.0007234677    -0.0006624907
   -0.0004571959    -0.0016231765    -0.0009709996
    0.0057997538     0.0004775200    -0.0060827639
    0.0010581251     0.0003834957    -0.0022589428
    0.0011550807     0.0008472652    -0.0014497249
    0.0007048479     0.0013269574    -0.0009323015
   -0.0000929481     0.0013748001    -0.0006243367
   -0.0008587752     0.0008368862    -0.0004366339
   -0.0011681837    -0.0001334702    -0.0003271863
    0.0000614264    -0.0002845570    -0.0006110074
   -0.0004415007    -0.0003225549    -0.0009988406
   -0.0007685179    -0.0009672349    -0.0015958423
    0.0062390809     0.0019998268    -0.0042115015
    0.0037661265     0.0018566768    -0.0034261203
    0.0026529734     0.0016124883    -0.0024218966
    0.0019378519     0.0018036951    -0.0015126288
    0.0009898427     0.0020910530    -0.0009631600
   -0.0002208287     0.0019352764    -0.0008097217
   -0.0012801208     0.0010236236    -0.0009923317
   -0.0001191781     0.0003944863    -0.0016673953
   -0.0011655268     0.0003485209    -0.0021259786
    0.0085310656     0.0034524386    -0.0018470140
    0.0051875650     0.0033223808    -0.0016216893
    0.0032060804     0.0032382543    -0.0011216660
    0.0015724137     0.0032663357    -0.0008353230
   -0.0000436698     0.0029606147    -0.0010342690
   -0.0017548733     0.0022575497    -0.0025989625
    0.0050211086     0.0054090835     0.0001534662
    0.0022611933     0.0050316778    -0.0002946409
    0.0001521874     0.0044969174    -0.0011396151
   -0.0020901482     0.0048273661    -0.0025890841
    0.0033622577     0.0077687386     0.0012338726
    0.0006529911     0.0070522918    -0.0003652654
   -0.0018463380     0.0078176276    -0.0013244347
   -0.0002877890     0.0001659246     0.0019758820
   -0.0011506892     0.0000245038     0.0017469721
    0.0001091559     0.0001458577     0.0019136845
    0.0005182462     0.0002150758     0.0017296222
    0.0002117467     0.0003805469     0.0020964554
    0.0008763446    -0.0001862302     0.0018226163
    0.0006789808     0.0000210570     0.0016945422
    0.0008221314     0.0001880201     0.0013767381
    0.0007645348     0.0003691718     0.0015681783
    0.0010856785    -0.0005093849     0.0014486524
    0.0009611178    -0.0000672955     0.0014307576
    0.0009363317     0.0001436186     0.0012029905
    0.0008457774     0.0002438061     0.0012295519
    0.0008817610     0.0005061162     0.0014936540
   -0.0020626299    -0.0000946547    -0.0004992294
    0.0011248184    -0.0012403170     0.0010350487
    0.0012325000    -0.0006594561     0.0013322435
    0.0011377433    -0.0001209473     0.0013211873
    0.0011426038     0.0001304402     0.0012243810
    0.0009378590     0.0001560011     0.0012570589
    0.0009218257     0.0003142307     0.0014856781
    0.0008542047     0.0008402369     0.0017632296
   -0.0018100568    -0.0000975267    -0.0016821262
    0.0012736353    -0.0015916814     0.0009956456
    0.0016394288    -0.0008697254     0.0013682184
    0.0015074485    -0.0001600370     0.0013598690
    0.0016460253     0.0000927742     0.0012128140
    0.0013449529     0.0000823683     0.0014210352
    0.0013148744     0.0002315877     0.0018313193
    0.0012019856     0.0007392658     0.0022548181
    0.0006822319     0.0014789047     0.0024507530
   -0.0003898013     0.0021046034     0.0022145396
   -0.0023547209    -0.0009141427    -0.0023556545
   -0.0011847327    -0.0008455195    -0.0031049115
   -0.0003825752     0.0001747536    -0.0031823216
    0.0008016457    -0.0023084980     0.0001597647
    0.0021505334    -0.0000909517     0.0015019631
    0.0023570277     0.0003113436     0.0022887983
    0.0023058645     0.0012591785     0.0030855032
    0.0014741167     0.0024110440     0.0036169705
   -0.0002460609     0.0031140153     0.0035590589
   -0.0023671419     0.0027281367     0.0026982028
   -0.0039179290     0.0011081197     0.0011060264
   -0.0040360842    -0.0010850944    -0.0008644273
   -0.0026511201    -0.0027108726    -0.0027622452
   -0.0005687854    -0.0029286398    -0.0042120724
    0.0011145806    -0.0016558209    -0.0050084447
    0.0033984567    -0.0005232589     0.0013290863
    0.0043034625     0.0005020433     0.0025154166
    0.0046156153     0.0025116089     0.0037721657
    0.0033796209     0.0049036963     0.0048328482
    0.0002919321     0.0063179365     0.0051865823
   -0.0036020214     0.0053352107     0.0043511476
   -0.0061979416     0.0018084488     0.0023292598
   -0.0005466013    -0.0015140532    -0.0014760450
    0.0032397270    -0.0019686712    -0.0004513304
    0.0052598474    -0.0013352965     0.0007013700
    0.0076183627     0.0008664122     0.0020147714
   -0.0012078784    -0.0004809759    -0.0020655226
   -0.0009505590    -0.0014131814    -0.0022731641
    0.0038509850    -0.0037766445    -0.0014486295
    0.0084111422    -0.0025353352    -0.0009834025
   -0.0022015083     0.0013444412    -0.0023987060
   -0.0026091373    -0.0000092694    -0.0023244799
   -0.0021832399    -0.0013815872    -0.0024237579
   -0.0010276480    -0.0025057226    -0.0023703275
    0.0008380346    -0.0033756723    -0.0019855102
   -0.0038514243     0.0042779662    -0.0019736386
   -0.0047413427     0.0020152652    -0.0016523200
   -0.0047448804    -0.0004006659    -0.0017113199
   -0.0036049084    -0.0028598296    -0.0019481818
   -0.0009129102    -0.0051551109    -0.0023497186
   -0.0042036468    -0.0045596242    -0.0017607778
   -0.0007048946    -0.0060418736    -0.0036752227
    0.0027134291    -0.0053372739    -0.0050947179
    0.0049687421    -0.0028664580    -0.0061548148
   -0.0078745262     0.0016079804     0.0015809340
   -0.0058927642    -0.0038531837     0.0000015952
   -0.0019443622    -0.0069757536    -0.0012497817
    0.0024448400    -0.0075144724    -0.0022541240
    0.0060738542    -0.0058583596    -0.0031221312
    0.0081452796    -0.0027927315    -0.0039912005
    0.0083340180     0.0006531883    -0.0051006967
   -0.0067789907    -0.0033948621     0.0003551038
   -0.0025158386    -0.0071586845     0.0004834189
    0.0022835247    -0.0081238208     0.0004419638
    0.0064192366    -0.0067534832     0.0001981315
    0.0091186500    -0.0038446741    -0.0002721765
    0.0100932233    -0.0003815738    -0.0009564947
    0.0095792393     0.0026895968    -0.0017104741
   -0.0061795342    -0.0045066728     0.0004715567
   -0.0017042135    -0.0074038634     0.0019993660
    0.0029750323    -0.0076764527     0.0029082843
    0.0068082289    -0.0058750207     0.0032820782
    0.0091816144    -0.0028065550     0.0032095620
    0.0099324569     0.0006538940     0.0028286507
    0.0092718553     0.0038195715     0.0023469405
    0.0075298620     0.0064036460     0.0019252852
   -0.0038764934     0.0076037967    -0.0012784231
   -0.0035175486    -0.0048836884    -0.0019082688
    0.0011797624    -0.0066707190    -0.0031285920
   -0.0063676364    -0.0043669013    -0.0000262841
   -0.0022805888    -0.0068511167     0.0029011648
    0.0021361595    -0.0068563471     0.0047903309
    0.0057073586    -0.0048701306     0.0058190658
    0.0077802114    -0.0017138460     0.0061765844
    0.0082015699     0.0017511017     0.0060801386
    0.0071784633     0.0048861725     0.0057310522
    0.0050760846     0.0073422579     0.0052026459
    0.0023598080     0.0088889826     0.0044683002
   -0.0004539780     0.0093001614     0.0037329851
   -0.0031523543     0.0084482901     0.0033471472
   -0.0055992944     0.0063074522     0.0031193422
   -0.0071951310     0.0030142561     0.0025924609
   -0.0071836274    -0.0009550695     0.0014844965
   -0.0050742118    -0.0047060498    -0.0003902174
   -0.0009428806    -0.0069534897    -0.0032228521
   -0.0066921154    -0.0038059143    -0.0020567098
   -0.0036818024    -0.0061092553     0.0025028746
    0.0004064879    -0.0061069260     0.0056395441
    0.0037643587    -0.0039605050     0.0074698898
    0.0053888676    -0.0006342744     0.0082908999
    0.0050817155     0.0027674996     0.0084398142
    0.0031943270     0.0053982680     0.0081821898
    0.0003394243     0.0066796688     0.0076888815
   -0.0028118092     0.0062181562     0.0070765587
   -0.0055288244     0.0039007502     0.0061963720
   -0.0068628060     0.0001242642     0.0046173772
   -0.0060098785    -0.0040023898     0.0019260453
   -0.0030652689    -0.0067337182    -0.0021134703
   -0.0031816265    -0.0062790540    -0.0045527121
   -0.0042414991    -0.0047441096    -0.0061138456
   -0.0056440304    -0.0047574185    -0.0030591186
   -0.0042992726    -0.0058165808     0.0018558327
   -0.0010640229    -0.0054438616     0.0059030591
    0.0015718605    -0.0030707009     0.0083432650
    0.0020948413     0.0000811521     0.0094060599
    0.0004620314     0.0023827278     0.0095132467
   -0.0023689367     0.0026326571     0.0088902163
   -0.0049283243     0.0004515726     0.0073686186
   -0.0057230832    -0.0032331171     0.0044757915
   -0.0044555254    -0.0061602174     0.0000693463
   -0.0045841731    -0.0060086636     0.0001928945
   -0.0037111335    -0.0056673295     0.0034123902
   -0.0013726840    -0.0038143903     0.0073834317
   -0.0016902062    -0.0014808302     0.0086386194
   -0.0040099118    -0.0024513102     0.0070004632
   -0.0046452620    -0.0054056396     0.0027844910
   -0.0035551563    -0.0046007651     0.0053975839
   -0.0009040801     0.0003501292     0.0001727054
   -0.0008158508    -0.0002920195     0.0002725279
   -0.0005924825     0.0012659551    -0.0015105283
   -0.0011744264     0.0010487426    -0.0008560487
   -0.0014850816     0.0003022572    -0.0004924815
   -0.0011740789    -0.0005136353    -0.0003947575
    0.0002193714     0.0014688707    -0.0030484740
   -0.0007347512     0.0012654049    -0.0022662092
   -0.0012428254     0.0005314639    -0.0017955551
   -0.0010837109    -0.0002820072    -0.0015107046
   -0.0003728599    -0.0007079020    -0.0013421939
    0.0031831324     0.0010563321    -0.0051438899
    0.0012437630     0.0014040799    -0.0038454400
    0.0001507498     0.0008773501    -0.0031315534
   -0.0000030944     0.0001649012    -0.0026143001
    0.0038183041     0.0016470807    -0.0043428453
    0.0022391796     0.0012611720    -0.0035457789
   -0.0004850277    -0.0007726631    -0.0000026987
   -0.0000281527    -0.0007441664    -0.0000356285
   -0.0013345352    -0.0000158157    -0.0008819232
   -0.0008314823    -0.0008236819    -0.0009560056
   -0.0001041964    -0.0010078075    -0.0010168895
    0.0003814200    -0.0006355587    -0.0010956735
   -0.0011149266     0.0020331392    -0.0014730097
   -0.0012739024     0.0006535796    -0.0018172979
   -0.0007096897    -0.0001124182    -0.0020544249
   -0.0000354181    -0.0000374924    -0.0021693460
    0.0001105368     0.0007292842    -0.0022600419
   -0.0009801290     0.0027444182    -0.0021792242
   -0.0007866683     0.0018548311    -0.0026206845
   -0.0005161856     0.0021875576    -0.0027493559
   -0.0012267808     0.0037310931    -0.0026986774
   -0.0005747704     0.0056121216    -0.0017090377
   -0.0011221702     0.0054983426    -0.0020971878
   -0.0009910489    -0.0002062536     0.0020080933
   -0.0006673465     0.0003170356     0.0020226899
   -0.0015188688     0.0003181775     0.0012473418
   -0.0017319030    -0.0000847895     0.0010245342
   -0.0013519870    -0.0008331301     0.0015533880
   -0.0003621442    -0.0010821541     0.0021014288
    0.0000767696    -0.0003686196     0.0023192860
    0.0004983319     0.0001175203     0.0021389435
   -0.0015526382    -0.0011988943     0.0006343129
   -0.0008118058    -0.0017786947     0.0010902938
    0.0001331299    -0.0018465250     0.0014449350
    0.0008436019    -0.0013711296     0.0017288667
    0.0009946205    -0.0006012593     0.0019791268
   -0.0007692764    -0.0018565822    -0.0000536667
    0.0000118418    -0.0020999462     0.0002058621
    0.0007574421    -0.0019642582     0.0004728484
    0.0012631713    -0.0015412856     0.0008159858
    0.0014270094    -0.0009613818     0.0012971977
    0.0017214867    -0.0013163589     0.0010816421
    0.0018571505    -0.0004918093     0.0012807413
    0.0020846591    -0.0000942966     0.0009675382
    0.0013692513    -0.0021108141     0.0000857757
    0.0020289421    -0.0014785015     0.0003923135
    0.0022632275    -0.0006998079     0.0006637815
    0.0024723972    -0.0005425136     0.0002501254
    0.0003729939    -0.0022276689    -0.0010648968
    0.0012487513    -0.0020993250    -0.0008358095
    0.0019519302    -0.0016326271    -0.0005677754
    0.0023401055    -0.0010257227    -0.0002330609
    0.0026244720    -0.0013741141    -0.0005176576
    0.0002572693    -0.0019479732    -0.0018279385
    0.0011555330    -0.0018534297    -0.0015759051
    0.0018850912    -0.0015583258    -0.0011809348
   -0.0004606791    -0.0020316626    -0.0023183339
    0.0007856030    -0.0024628240    -0.0019750256
   -0.0002860509     0.0006118722     0.0022944050
   -0.0012928461     0.0005110694     0.0020362925
    0.0001363568     0.0010888678     0.0021243707
   -0.0008484459     0.0012950969     0.0020038274
   -0.0017736432     0.0009594075     0.0015529334
   -0.0022333929     0.0003139928     0.0010007283
    0.0007978549     0.0009825879     0.0017863534
    0.0000367459     0.0015876425     0.0018468772
   -0.0010561528     0.0017552002     0.0015512219
   -0.0020222290     0.0013603453     0.0009452625
   -0.0024919848     0.0006832536     0.0002131579
    0.0004853524     0.0014909858     0.0019444008
   -0.0005883979     0.0019625321     0.0016480687
   -0.0017711034     0.0017860671     0.0009793865
   -0.0025781362     0.0010634292     0.0000352003
   -0.0027309370     0.0002374786    -0.0010081509
   -0.0020485123     0.0021260683     0.0017266995
   -0.0031887062     0.0010591963     0.0004078182
    0.0078924385     0.0057285296     0.0037515638
    0.0043334987     0.0086925662     0.0038657525
   -0.0004621523     0.0093128300     0.0036381217
   -0.0052111179     0.0070262624     0.0030344263
    0.0100412884     0.0008648417    -0.0008139454
    0.0092414256     0.0053344546    -0.0005503429
    0.0063371444     0.0087940705    -0.0003754932
    0.0020253118     0.0104148212    -0.0002358371
   -0.0027464040     0.0096542897    -0.0000937755
   -0.0068386762     0.0062981960     0.0000921560
    0.0089988700     0.0006158723    -0.0046934441
    0.0079674911     0.0052800303    -0.0048208182
    0.0046029306     0.0085625564    -0.0047002756
   -0.0001098220     0.0095345148    -0.0042957706
   -0.0048918284     0.0077066125    -0.0035228248
   -0.0082885821     0.0031037608    -0.0022129744
    0.0070941937    -0.0041657717    -0.0043119050
    0.0062799180     0.0000090546    -0.0077680768
    0.0047462531     0.0042960676    -0.0082072268
    0.0008880629     0.0065739594    -0.0079205683
   -0.0037944129     0.0059090833    -0.0068599189
   -0.0075119683     0.0021955744    -0.0048207000
    0.0045613359    -0.0047315989    -0.0064860214
    0.0022792567    -0.0010791960    -0.0092821036
   -0.0000246849     0.0019389217    -0.0095918343
   -0.0039942741     0.0018756127    -0.0083642732
   -0.0071509814    -0.0015145376    -0.0054282554
    0.0011890406    -0.0053425455    -0.0072851845
   -0.0027746654    -0.0028132391    -0.0082842483
   -0.0010268492    -0.0000147449     0.0010692240
   -0.0008508570     0.0001351034     0.0011218900
   -0.0011077552     0.0000401360     0.0005061859
   -0.0011601869    -0.0000469306     0.0003181421
   -0.0011863380    -0.0002932749     0.0008349296
   -0.0002022286     0.0001117096     0.0015348425
   -0.0007146183     0.0001359336     0.0012386993
   -0.0010755271     0.0000146770     0.0007304615
   -0.0010905757    -0.0001050476     0.0001614522
   -0.0009341976    -0.0001291260    -0.0001934836
   -0.0009001968    -0.0001012388    -0.0002832121
   -0.0010599449    -0.0001752364    -0.0001121740
   -0.0011990117    -0.0005013684     0.0003481770
    0.0003981220    -0.0000654001     0.0015729689
   -0.0012845145    -0.0000999756     0.0006031391
   -0.0011040676    -0.0002249492     0.0000193088
   -0.0007875692    -0.0002564121    -0.0003122903
   -0.0005530509    -0.0002178524    -0.0004593470
   -0.0004838949    -0.0001534078    -0.0005372785
   -0.0005883024    -0.0001079037    -0.0005576106
   -0.0008129388    -0.0001845121    -0.0004565041
   -0.0010097558    -0.0004783000    -0.0002050495
   -0.0009836835    -0.0009517245     0.0001684456
    0.0006911446    -0.0003985974     0.0014583054
   -0.0014937033    -0.0001157492     0.0002422939
   -0.0010396962    -0.0002323538    -0.0002348185
   -0.0006290095    -0.0002349593    -0.0003782418
   -0.0003653755    -0.0002166563    -0.0003783925
   -0.0002211402    -0.0002139633    -0.0004118362
   -0.0001660514    -0.0001712856    -0.0005298423
   -0.0002308620    -0.0000818221    -0.0006515100
   -0.0004157834    -0.0000474727    -0.0006909918
   -0.0006370735    -0.0001702068    -0.0006323856
   -0.0007763140    -0.0004683705    -0.0005010270
   -0.0007341496    -0.0008757106    -0.0003233698
   -0.0004687596    -0.0012629543    -0.0001204143
   -0.0000371997    -0.0014854895     0.0000884286
    0.0004112595    -0.0014715576     0.0002958986
    0.0007318212    -0.0012718772     0.0005224183
    0.0008830895    -0.0009882939     0.0008046829
    0.0009061783    -0.0006609984     0.0011442742
   -0.0013056996    -0.0001014447    -0.0005037190
   -0.0007596538    -0.0000725222    -0.0005718294
   -0.0004767552    -0.0000024320    -0.0003981164
   -0.0003685565    -0.0000523493    -0.0002126041
   -0.0002582999    -0.0001961304    -0.0001919169
   -0.0000927654    -0.0002550573    -0.0003492044
    0.0000139637    -0.0001486408    -0.0005593884
   -0.0000323748     0.0000182394    -0.0007057917
   -0.0001999855     0.0001033364    -0.0007588931
   -0.0003930560     0.0000452661    -0.0007470603
   -0.0005294928    -0.0001423829    -0.0007054860
   -0.0005608449    -0.0004127616    -0.0006535582
   -0.0004693136    -0.0007054471    -0.0005940303
   -0.0002713062    -0.0009582782    -0.0005163842
   -0.0000140580    -0.0011301107    -0.0003990422
    0.0002516866    -0.0012178808    -0.0002125717
    0.0005056445    -0.0012381807     0.0000747324
    0.0007582283    -0.0011744945     0.0004833179
   -0.0006561108     0.0001179328    -0.0011625275
   -0.0004997684     0.0003559394    -0.0007831679
   -0.0006190705     0.0003464321    -0.0003904379
   -0.0006785611     0.0000472657    -0.0001795667
   -0.0004689823    -0.0002731856    -0.0002179222
   -0.0001152214    -0.0003372832    -0.0004078160
    0.0001258405    -0.0001447377    -0.0006001824
    0.0001456630     0.0001143177    -0.0007124287
    0.0000072593     0.0002822635    -0.0007419491
   -0.0001789333     0.0003140607    -0.0007218708
   -0.0003368310     0.0002342352    -0.0006860225
   -0.0004339466     0.0000832593    -0.0006573411
   -0.0004660166    -0.0001058660    -0.0006455155
   -0.0004430418    -0.0003146803    -0.0006436000
   -0.0003742414    -0.0005403865    -0.0006267057
   -0.0002537859    -0.0007873491    -0.0005584990
   -0.0000578212    -0.0010509681    -0.0004006814
    0.0002459555    -0.0013005956    -0.0001134754
   -0.0001170574     0.0002769212    -0.0020452205
   -0.0003175746     0.0007294113    -0.0014870254
   -0.0002476241    -0.0003849139    -0.0006538141
    0.0001636915    -0.0001778352    -0.0007168975
    0.0002918815     0.0001568493    -0.0007390020
    0.0001884680     0.0004145399    -0.0007083717
   -0.0000147818     0.0005209113    -0.0006393371
   -0.0002128131     0.0004937089    -0.0005537578
   -0.0003522073     0.0003838728    -0.0004757134
   -0.0004247248     0.0002421296    -0.0004286347
   -0.0004555832     0.0000962521    -0.0004262861
   -0.0004763520    -0.0000656818    -0.0004616456
   -0.0004872051    -0.0002850759    -0.0005054996
   -0.0004423107    -0.0005951861    -0.0005175651
   -0.0002716198    -0.0009926833    -0.0004563839
    0.0000969905    -0.0014435684    -0.0002670567
    0.0008349273     0.0005121884    -0.0028967737
    0.0001432541    -0.0001698114    -0.0010629883
    0.0004185980     0.0001469703    -0.0009062410
    0.0003911750     0.0004844036    -0.0007676545
    0.0001662176     0.0006763643    -0.0006326219
   -0.0001135744     0.0006814776    -0.0004945231
   -0.0003368959     0.0005374800    -0.0003591514
   -0.0004436839     0.0003249581    -0.0002462005
   -0.0004409117     0.0001352521    -0.0001826659
   -0.0003992687     0.0000173515    -0.0001877584
   -0.0003977084    -0.0000645520    -0.0002589297
   -0.0004486574    -0.0002061236    -0.0003713873
   -0.0004797456    -0.0004869463    -0.0004907466
   -0.0003810786    -0.0009281381    -0.0005835052
    0.0035531844    -0.0010974608    -0.0044218829
    0.0024950720     0.0004285302    -0.0036043490
    0.0005259380     0.0001825014    -0.0015843722
    0.0007021578     0.0003978370    -0.0011856874
    0.0006165954     0.0007199717    -0.0008859733
    0.0002960132     0.0009190094    -0.0006680003
   -0.0001160231     0.0008827477    -0.0005014484
   -0.0004577400     0.0006145209    -0.0003667112
   -0.0006017960     0.0002179845    -0.0002626206
   -0.0005188568    -0.0001318185    -0.0002018218
   -0.0003218550    -0.0002882406    -0.0002001886
   -0.0001960486    -0.0002578227    -0.0002667737
   -0.0002401062    -0.0002039663    -0.0003998315
   -0.0003878931    -0.0003077949    -0.0005902891
   -0.0004820791    -0.0006541419    -0.0008297369
    0.0039116841     0.0008257312    -0.0031943078
    0.0024783919     0.0010327670    -0.0027308125
    0.0017474679     0.0008893429    -0.0021910755
    0.0014420213     0.0008744340    -0.0016251931
    0.0011760737     0.0010688401    -0.0011470872
    0.0007427686     0.0012838524    -0.0008186315
    0.0001619106     0.0013054690    -0.0006349668
   -0.0004096380     0.0010220163    -0.0005638567
   -0.0007635082     0.0004711525    -0.0005707736
   -0.0007498632    -0.0001363019    -0.0006188718
   -0.0000053006    -0.0002097146    -0.0007711708
   -0.0002368587    -0.0000215852    -0.0009014712
   -0.0006021487    -0.0001203692    -0.0011540365
    0.0060167073     0.0013631560    -0.0019788371
    0.0040064669     0.0017089694    -0.0017840996
    0.0027958150     0.0017617004    -0.0014003112
    0.0019451803     0.0018630752    -0.0010022904
    0.0011357621     0.0019710959    -0.0007388773
    0.0002863633     0.0018904212    -0.0006734849
   -0.0004703637     0.0014770949    -0.0008012246
   -0.0008840445     0.0007774789    -0.0010631615
   -0.0001965759     0.0004926348    -0.0014437913
   -0.0007834806     0.0007283491    -0.0015091502
    0.0059531175     0.0028415223    -0.0001868175
    0.0038258412     0.0029566665    -0.0003704233
    0.0023258878     0.0029738861    -0.0003674585
    0.0010681035     0.0028923372    -0.0004627272
   -0.0000024793     0.0025541971    -0.0007817615
   -0.0006827937     0.0019334849    -0.0012945277
   -0.0010522893     0.0019700235    -0.0017483051
    0.0033245087     0.0044286119     0.0007646536
    0.0014970296     0.0041970283     0.0001381489
    0.0001792403     0.0038055722    -0.0005614210
   -0.0005304690     0.0033539849    -0.0012732624
   -0.0012430788     0.0036420618    -0.0014715624
   -0.0026123793     0.0043057923    -0.0009358937
    0.0029318049     0.0062094862     0.0021735132
    0.0008138410     0.0058130718     0.0008567402
   -0.0004947254     0.0057236487     0.0001641091
   -0.0018090681     0.0063309753     0.0005030784
   -0.0002985479     0.0001548098     0.0015149720
   -0.0008877332     0.0000819232     0.0012965757
    0.0000186521     0.0000893446     0.0015401143
    0.0003042619     0.0001614625     0.0014352342
    0.0000020137     0.0003056541     0.0015787248
   -0.0005646833     0.0003548562     0.0016239651
   -0.0011494490     0.0001608896     0.0012665124
    0.0005845995    -0.0001845770     0.0015115102
    0.0004617948    -0.0000151717     0.0014112612
    0.0006188499     0.0001136066     0.0012340890
    0.0004956426     0.0002890236     0.0013370443
    0.0002678029     0.0005152097     0.0015545089
   -0.0015829819    -0.0000101464     0.0004975671
    0.0008076690    -0.0003916894     0.0012167308
    0.0007248030    -0.0001030776     0.0012254455
    0.0007932938     0.0000623595     0.0010869188
    0.0006977617     0.0002217039     0.0011415047
    0.0006049690     0.0004289960     0.0012942708
    0.0003893414     0.0007621121     0.0015050251
   -0.0016646035     0.0000243336    -0.0001251179
    0.0009054803    -0.0008841036     0.0008822545
    0.0009421448    -0.0005159458     0.0010483003
    0.0008985021    -0.0001715196     0.0010898867
    0.0009773597     0.0000153703     0.0010240141
    0.0008587702     0.0001578916     0.0010854939
    0.0007802491     0.0003298669     0.0012289689
    0.0006510183     0.0006324223     0.0014055863
    0.0003276539     0.0010536865     0.0015271821
   -0.0017851828     0.0000402851    -0.0007170091
   -0.0013233588    -0.0000758902    -0.0010292022
    0.0006952843    -0.0013515329     0.0003935914
    0.0009804954    -0.0010546896     0.0007515860
    0.0011426879    -0.0006351869     0.0009562781
    0.0011137776    -0.0002362570     0.0010160564
    0.0012776343    -0.0000470802     0.0009618056
    0.0011423613     0.0000978102     0.0011053259
    0.0010763572     0.0002814955     0.0013360420
    0.0009602495     0.0006102422     0.0015878956
    0.0006427545     0.0010560848     0.0017536666
    0.0000320281     0.0014715109     0.0017237922
   -0.0008272287     0.0016315655     0.0014184244
   -0.0021465911    -0.0000732373    -0.0008410766
   -0.0016178877    -0.0004991781    -0.0015518370
   -0.0009627797    -0.0004144831    -0.0019558038
    0.0007213891    -0.0015351045     0.0002232739
    0.0012095049    -0.0012681377     0.0005612507
    0.0014784654    -0.0007927615     0.0007846023
    0.0014529544    -0.0003266704     0.0008878649
    0.0016809524    -0.0001884396     0.0007627633
    0.0016187465    -0.0000066477     0.0010732991
    0.0016574036     0.0002740290     0.0014727826
    0.0016111910     0.0007731344     0.0018963669
    0.0012560124     0.0014187264     0.0022294760
    0.0004728292     0.0019816793     0.0023347644
   -0.0006595727     0.0021670343     0.0020942700
   -0.0018356375     0.0017585539     0.0014645124
   -0.0026201663     0.0007856500     0.0005124263
   -0.0026805613    -0.0004135909    -0.0005998794
   -0.0020077221    -0.0013408880    -0.0016716800
   -0.0009348699    -0.0016119852    -0.0025233911
    0.0000539971    -0.0011268102    -0.0030338714
    0.0001273338    -0.0015948785    -0.0004197853
    0.0007905542    -0.0017074939    -0.0001747672
    0.0020654835    -0.0005023605     0.0003673941
    0.0022825163    -0.0002380748     0.0008801707
    0.0026166991     0.0002645188     0.0014716010
    0.0027915251     0.0011461036     0.0020970299
    0.0024539643     0.0022898021     0.0026585188
    0.0013763941     0.0033192529     0.0029982384
   -0.0003527532     0.0037146063     0.0029357582
   -0.0022406741     0.0030756688     0.0023569336
   -0.0035600360     0.0014249480     0.0012985098
   -0.0037433973    -0.0007105164    -0.0000531319
   -0.0027097073    -0.0025477067    -0.0014485394
   -0.0008924293    -0.0034360368    -0.0026666635
    0.0009963364    -0.0031277661    -0.0035654753
    0.0022772555    -0.0017978588    -0.0041099653
   -0.0000383243    -0.0014759348    -0.0008842756
    0.0023656662    -0.0010591933    -0.0001506406
    0.0031858983    -0.0006393097     0.0004871100
    0.0041235804     0.0003260656     0.0011957972
    0.0047170790     0.0020236615     0.0019619901
    0.0043299934     0.0042396225     0.0027079792
    0.0024834593     0.0062160797     0.0032396412
   -0.0005466708    -0.0010129108    -0.0013559563
   -0.0000713747    -0.0014492881    -0.0013975219
    0.0026270142    -0.0019168077    -0.0007986316
    0.0044236557    -0.0012715773    -0.0003277240
    0.0063918925     0.0004928499     0.0001684866
   -0.0013184738    -0.0002058540    -0.0016216189
   -0.0011186486    -0.0009076177    -0.0016750627
   -0.0005465681    -0.0014713560    -0.0016852856
    0.0002635921    -0.0018128326    -0.0015487286
    0.0012731364    -0.0019790728    -0.0012314980
    0.0028115220    -0.0031626952    -0.0017423596
    0.0060095078    -0.0022458637    -0.0020491976
   -0.0023507541     0.0010655118    -0.0015369805
   -0.0024574123    -0.0000586948    -0.0015180944
   -0.0020418295    -0.0011746784    -0.0015876746
   -0.0010906269    -0.0021605157    -0.0016400090
    0.0004684287    -0.0029132361    -0.0016568151
   -0.0035889991     0.0031940039    -0.0006648979
   -0.0040878638     0.0013760968    -0.0006529720
   -0.0039354786    -0.0005389492    -0.0008584199
   -0.0029495022    -0.0024378153    -0.0012488017
   -0.0008881067    -0.0040999127    -0.0019158684
   -0.0031479252    -0.0031642152    -0.0011217177
   -0.0008482928    -0.0043643901    -0.0022878142
    0.0015244232    -0.0042230857    -0.0032065722
    0.0033388083    -0.0029208852    -0.0039338333
   -0.0054647226     0.0007478095     0.0006986110
   -0.0041644513    -0.0026533004    -0.0001541140
   -0.0017045065    -0.0047601312    -0.0008761215
    0.0011249456    -0.0053760760    -0.0014901700
    0.0036517378    -0.0046402571    -0.0020408023
    0.0053811410    -0.0029156310    -0.0025897060
    0.0060330716    -0.0007191227    -0.0032326890
   -0.0059816192     0.0013745897    -0.0000497632
   -0.0046277522    -0.0024829242     0.0000612313
   -0.0020041399    -0.0049223206     0.0001034166
    0.0010511527    -0.0057759441     0.0000577111
    0.0038597202    -0.0052085052    -0.0000953886
    0.0059393234    -0.0035915496    -0.0003741957
    0.0070364005    -0.0014253838    -0.0007878027
    0.0071619960     0.0007463579    -0.0013018544
   -0.0059968625     0.0002208775    -0.0009308980
   -0.0042269773    -0.0032706392     0.0002043167
   -0.0013912021    -0.0052626477     0.0010290264
    0.0016907026    -0.0056953744     0.0015503127
    0.0043936926    -0.0048040118     0.0017891774
    0.0063079288    -0.0029956374     0.0017757741
    0.0072561419    -0.0007548910     0.0015642688
    0.0072830438     0.0014721325     0.0012551382
    0.0065634173     0.0034133901     0.0009860802
   -0.0058946904     0.0001105429    -0.0021871299
   -0.0044156509    -0.0031569281     0.0000152920
   -0.0016851325    -0.0050198605     0.0016812761
    0.0013581640    -0.0053094471     0.0028175300
    0.0039997994    -0.0042550735     0.0034828530
    0.0057909811    -0.0022994026     0.0037560504
    0.0065544453     0.0000475393     0.0037405635
    0.0063363286     0.0023523839     0.0035564040
    0.0052960834     0.0043480188     0.0032801752
    0.0036318220     0.0058868175     0.0028616001
   -0.0017797481     0.0065078741     0.0011114227
   -0.0033181342     0.0053457528     0.0011177256
   -0.0046134715     0.0035135244     0.0010636221
   -0.0051964439     0.0011474757     0.0007190535
   -0.0046762119    -0.0014027908     0.0000197782
   -0.0028802687    -0.0035894991    -0.0010692152
    0.0000379058    -0.0047086848    -0.0025993072
    0.0011184201    -0.0042944386    -0.0048998215
   -0.0053306542    -0.0008858429    -0.0030429707
   -0.0042666782    -0.0033479808    -0.0001580694
   -0.0018925790    -0.0047489629     0.0021410100
    0.0008428050    -0.0047571507     0.0037755579
    0.0031780110    -0.0035398254     0.0048029379
    0.0046438754    -0.0015313636     0.0053306717
    0.0050698909     0.0007620007     0.0054893526
    0.0045189228     0.0029122425     0.0053974751
    0.0031958068     0.0046186556     0.0051189027
    0.0013970073     0.0056657477     0.0046906824
   -0.0005572292     0.0059020035     0.0042230637
   -0.0024459716     0.0052606225     0.0038292749
   -0.0040630444     0.0037547426     0.0034137752
   -0.0050472637     0.0015281651     0.0027481065
   -0.0050001005    -0.0010548082     0.0016511753
   -0.0037220175    -0.0033910521     0.0000114129
   -0.0014165701    -0.0047104851    -0.0022170424
   -0.0010881155    -0.0043601773    -0.0041712144
   -0.0042569352    -0.0017637956    -0.0043007737
   -0.0043003321    -0.0032386729    -0.0011153132
   -0.0026040670    -0.0043810807     0.0018876917
   -0.0001696988    -0.0042916060     0.0041611288
    0.0019265939    -0.0029364042     0.0056253722
    0.0030034785    -0.0008267653     0.0063983949
    0.0028607378     0.0013649249     0.0066579741
    0.0016735913     0.0030587117     0.0065585759
   -0.0001641819     0.0038390599     0.0062108311
   -0.0021791654     0.0034666540     0.0056759011
   -0.0038634373     0.0019321568     0.0048676034
   -0.0046622985    -0.0004412562     0.0035592888
   -0.0041946937    -0.0029239076     0.0015534249
   -0.0026569006    -0.0045026446    -0.0011619825
   -0.0027595804    -0.0043525200    -0.0022386967
   -0.0032155235    -0.0037203514    -0.0030511450
   -0.0037794270    -0.0037435047    -0.0013296210
   -0.0029459194    -0.0042093576     0.0016335962
   -0.0010437436    -0.0038658475     0.0042981892
    0.0005444740    -0.0023567507     0.0060334745
    0.0008593344    -0.0003851792     0.0068431163
   -0.0001660413     0.0010295497     0.0069237304
   -0.0019192988     0.0011342385     0.0064059372
   -0.0034715281    -0.0002389044     0.0052274141
   -0.0039794515    -0.0024431523     0.0031988749
   -0.0033683841    -0.0041507692     0.0004057351
   -0.0032964171    -0.0041882599     0.0007151006
   -0.0026717518    -0.0039932316     0.0026973307
   -0.0012857456    -0.0028005241     0.0052538693
   -0.0015142360    -0.0013640946     0.0060545695
   -0.0029358843    -0.0019594425     0.0048769948
   -0.0033728891    -0.0037199343     0.0021982454
   -0.0026476357    -0.0032598041     0.0039043679
   -0.0008116010     0.0003361315    -0.0004669107
   -0.0007696571    -0.0001146478    -0.0003291242
   -0.0003096680     0.0008165581    -0.0016579258
   -0.0007100719     0.0005247813    -0.0012447020
   -0.0007792873     0.0000386679    -0.0010067797
    0.0008114282     0.0008281982    -0.0027109995
    0.0000858339     0.0006867526    -0.0021711785
   -0.0001933599     0.0002744332    -0.0018192504
    0.0018073053     0.0008948892    -0.0029040151
    0.0010950577     0.0006768765    -0.0024384267
   -0.0008735183     0.0002584692    -0.0009774225
   -0.0005600985    -0.0002068952    -0.0010639875
   -0.0001745710    -0.0002682874    -0.0011325287
    0.0000044558     0.0000016707    -0.0012171785
   -0.0007889604     0.0010199828    -0.0014782177
   -0.0005347431     0.0006368553    -0.0016451233
   -0.0003143748     0.0007746392    -0.0017301900
   -0.0006769260     0.0023293899    -0.0016730634
   -0.0007881566     0.0025722917    -0.0017514530
   -0.0007899853    -0.0002401622     0.0014216963
   -0.0010071915    -0.0006157759     0.0010856472
   -0.0003793462    -0.0007891920     0.0014885032
   -0.0000978708    -0.0003584061     0.0016957906
   -0.0006554814    -0.0012290618     0.0008282936
   -0.0000405592    -0.0012971396     0.0011126349
    0.0004338936    -0.0010154216     0.0013569705
    0.0005496802    -0.0005215131     0.0015757206
    0.0000176026    -0.0015366247     0.0003738962
    0.0005013869    -0.0014360379     0.0005942878
    0.0014936462    -0.0011032667     0.0004853663
    0.0016584002    -0.0005840649     0.0006899894
    0.0010582557    -0.0015974571    -0.0003353014
    0.0015381195    -0.0012362418    -0.0001122128
    0.0018124028    -0.0007905821     0.0001381267
    0.0006578130    -0.0015866595    -0.0010134314
    0.0012380015    -0.0014008925    -0.0008019899
    0.0016971808    -0.0011100584    -0.0005177605
    0.0004638112    -0.0015974404    -0.0014329828
    0.0012241023    -0.0016203685    -0.0011599620
   -0.0000463400     0.0007782823     0.0016941334
   -0.0007310563     0.0008793050     0.0015535666
   -0.0013589740     0.0006399663     0.0011977265
    0.0000310219     0.0010954829     0.0015629994
   -0.0006806661     0.0012370689     0.0013823633
   -0.0013644839     0.0010476141     0.0009930583
   -0.0017933618     0.0006349160     0.0004853949
   -0.0003109434     0.0014467044     0.0014638515
   -0.0011362967     0.0014063992     0.0010618320
   -0.0017886765     0.0009981690     0.0004557116
   -0.0020654109     0.0004328895    -0.0002556940
    0.0068883371     0.0037274575     0.0009741255
    0.0049303461     0.0062391301     0.0011325878
    0.0019412967     0.0075433477     0.0011710406
   -0.0014620472     0.0072332903     0.0011063547
   -0.0045203554     0.0051199553     0.0009377495
    0.0072194196     0.0002734010    -0.0020867693
    0.0068585680     0.0035125372    -0.0020143524
    0.0049799344     0.0061232996    -0.0019201619
    0.0020357887     0.0075268994    -0.0017730270
   -0.0013517812     0.0073317577    -0.0015425140
   -0.0044330317     0.0053697458    -0.0011872456
    0.0059478609    -0.0001080193    -0.0044968139
    0.0054723406     0.0030923541    -0.0047208337
    0.0034005170     0.0054716631    -0.0046880150
    0.0003293221     0.0064085469    -0.0043869214
   -0.0029522468     0.0055517686    -0.0037695988
   -0.0055417604     0.0028750004    -0.0027390038
    0.0044803141    -0.0033053196    -0.0039850721
    0.0037341139    -0.0007039852    -0.0061786175
    0.0029848817     0.0021265174    -0.0066169255
    0.0006944778     0.0038108466    -0.0064906091
   -0.0022849372     0.0037308489    -0.0057894893
   -0.0049032840     0.0017382255    -0.0044172775
    0.0024517458    -0.0037174262    -0.0050851157
    0.0008653659    -0.0013809970    -0.0067877872
   -0.0006035328     0.0005864183    -0.0070398514
   -0.0031963842     0.0004600427    -0.0060632304
