  1.702363   0.830337   2.010183
  1.059000   1.002725   2.010183
  0.415637   0.830337   2.010183
 -0.055337   0.359363   2.010183
 -0.227725  -0.284000   2.010183
 -0.055337  -0.927363   2.010183
  0.566767   1.446020   1.566569
 -0.024949   1.151381   1.566569
 -0.470272   0.662885   1.566569
 -0.709058   0.046507   1.566569
 -0.709058  -0.614507   1.566569
 -0.470272  -1.230885   1.566569
 -0.024949  -1.719381   1.566569
  0.566767  -2.014020   1.566569
 -0.213510   1.467460   0.996688
 -0.999965  -0.952998   0.996688
 -0.692460  -1.556510   0.996688
 -0.213510  -2.035460   0.996688
  0.390002  -2.342965   0.996688
  1.059000  -2.448924   0.996688
  1.727998  -2.342965   0.996688
  2.331511  -2.035460   0.996688
  2.810460  -1.556510   0.996688
  3.117965  -0.952998   0.996688
 -0.922804  -1.557628   0.346709
 -0.483705  -2.064376   0.346709
  0.080376  -2.426888   0.346709
  0.723738  -2.615797   0.346709
  1.394262  -2.615797   0.346709
  2.037624  -2.426888   0.346709
  2.601705  -2.064376   0.346709
  3.040804  -1.557628   0.346709
  3.319350  -0.947699   0.346709
 -0.922804  -1.557628  -0.330709
 -0.483705  -2.064376  -0.330709
  0.080376  -2.426888  -0.330709
  2.601705  -2.064376  -0.330709
  3.040804  -1.557628  -0.330709
 -0.999965  -0.952998  -0.980688
 -0.692460  -1.556510  -0.980688
 -0.213510  -2.035460  -0.980688
  2.810460  -1.556510  -0.980688
 -0.470272   0.662885  -1.550569
 -0.709058   0.046507  -1.550569
 -0.709058  -0.614507  -1.550569
 -0.470272  -1.230885  -1.550569
 -0.227725  -0.284000  -1.994183
 -0.055337  -0.927363  -1.994183
  0.723738  -0.864690  -2.275593
  1.915000   0.881000   1.934000
  2.585523   0.881000   1.837593
  3.029337   1.524363   1.556183
  3.029337   0.237637   1.556183
  3.201725   0.881000   1.556183
  3.592223   1.530760   1.112569
  3.244243   2.092766   1.112569
  3.244243  -0.330766   1.112569
  3.592223   0.231240   1.112569
  3.713684   0.881000   1.112569
  3.973965   1.549998   0.542688
  3.666460   2.153510   0.542688
  3.187510   2.632460   0.542688
  0.163540   2.153510   0.542688
  3.896804   2.154628  -0.107291
  3.457705   2.661376  -0.107291
  2.893624   3.023888  -0.107291
  0.372295   2.661376  -0.107291
 -0.066804   2.154628  -0.107291
  3.896804   2.154628  -0.784709
  3.457705   2.661376  -0.784709
  2.893624   3.023888  -0.784709
  2.250262   3.212797  -0.784709
  3.973965   1.549998  -1.434688
  3.666460   2.153510  -1.434688
  3.187510  -0.870460  -1.434688
  2.716742  -0.729116  -2.004569
  3.244243  -0.330766  -2.004569
  3.592223   0.231240  -2.004569
  3.713684   0.881000  -2.004569
  2.644940   3.070298  -1.054412
  2.034825   3.337919  -1.054412
  1.370872   3.392936  -1.054412
  0.725029   3.229386  -1.054412
  0.167285   2.864994  -1.054412
 -0.241921   2.339245  -1.054412
 -0.458246   1.709115  -1.054412
  3.296236   2.574745  -1.712000
  2.864786   3.039737  -1.712000
  2.315446   3.356899  -1.712000
  1.697026   3.498050  -1.712000
  1.064475   3.450647  -1.712000
  0.474000   3.218902  -1.712000
 -0.021934   2.823408  -1.712000
 -0.379262   2.299305  -1.712000
 -0.566232   1.693162  -1.712000
 -0.566232   1.058838  -1.712000
  3.452191   2.033143  -2.369588
  3.135101   2.619073  -2.369588
  2.644940   3.070298  -2.369588
  2.034825   3.337919  -2.369588
  1.370872   3.392936  -2.369588
  0.725029   3.229386  -2.369588
  0.167285   2.864994  -2.369588
 -0.241921   2.339245  -2.369588
 -0.458246   1.709115  -2.369588
 -0.458246   1.042886  -2.369588
 -0.241921   0.412755  -2.369588
  3.452191   0.718858  -2.369588
  3.561848   1.376000  -2.369588
  3.128540   2.034823  -2.962807
  2.755347   2.593347  -2.962807
  2.196823   2.966540  -2.962807
  1.538000   3.097588  -2.962807
  0.879177   2.966540  -2.962807
  0.320653   2.593347  -2.962807
 -0.052540   2.034823  -2.962807
 -0.183588   1.376000  -2.962807
 -0.052540   0.717177  -2.962807
  3.259588   1.376000  -2.962807
  2.621231   2.001404  -3.433588
  2.163403   2.459231  -3.433588
  1.538000   2.626807  -3.433588
  0.912596   2.459231  -3.433588
  0.454769   2.001404  -3.433588
  0.287193   1.376000  -3.433588
  2.788807   1.376000  -3.433588
  1.866794   1.945488  -3.735848
  1.209206   1.945488  -3.735848
  0.880412   1.376000  -3.735848
 -0.778935   0.892785   1.190939
 -1.140820   0.329681   1.190939
 -1.140820  -0.339681   1.190939
 -0.968730   1.208494   0.645908
 -1.399410   0.668439   0.645908
 -1.553118  -0.005000   0.645908
 -1.399410  -0.678439   0.645908
 -0.643908   1.547118   0.003000
 -1.188939   1.182939   0.003000
 -1.553118   0.637908   0.003000
 -1.681000  -0.005000   0.003000
 -1.553118  -0.647908   0.003000
 -1.188939  -1.192939   0.003000
 -0.968730   1.208494  -0.639908
 -1.399410   0.668439  -0.639908
 -1.553118  -0.005000  -0.639908
 -1.399410  -0.678439  -0.639908
 -0.778935   0.892785  -1.184939
 -1.140820   0.329681  -1.184939
 -1.140820  -0.339681  -1.184939
  0.840621  -2.660203  -0.017092
  1.531379  -2.660203  -0.017092
 -0.001939  -2.334939  -0.660000
  0.543092  -2.699118  -0.660000
  1.186000  -2.827000  -0.660000
  1.828908  -2.699118  -0.660000
  2.373939  -2.334939  -0.660000
 -0.212410  -1.820439  -1.302908
  0.218270  -2.360494  -1.302908
  0.840621  -2.660203  -1.302908
  1.531379  -2.660203  -1.302908
  2.153729  -2.360494  -1.302908
  2.584410  -1.820439  -1.302908
  0.046180  -1.481681  -1.847939
  0.408065  -2.044785  -1.847939
  1.016939  -2.322848  -1.847939
  1.679488  -2.227588  -1.847939
  2.185358  -1.789248  -1.847939
  2.373939  -1.147000  -1.847939
  0.543092  -1.147000  -2.212118
  0.864546  -1.703775  -2.212118
  1.507454  -1.703775  -2.212118
  1.828908  -1.147000  -2.212118
  1.186000  -1.147000  -2.340000
  1.332000  -0.607000   2.700000
  1.653454  -0.050225   2.572118
  1.010546  -0.050225   2.572118
  0.689092  -0.607000   2.572118
  1.010546  -1.163775   2.572118
  1.653454  -1.163775   2.572118
  1.974908  -0.607000   2.572118
  2.331358   0.035249   2.207939
  1.825488   0.473588   2.207939
  0.192181  -0.941681   2.207939
  0.554065  -1.504785   2.207939
  1.162939  -1.782848   2.207939
  1.825488  -1.687588   2.207939
  2.331358  -1.249249   2.207939
  2.519939  -0.607000   2.207939
  0.986621  -2.120203   1.662908
  1.677379  -2.120203   1.662908
  2.299730  -1.820494   1.662908
  2.730410  -1.280439   1.662908
  2.884118  -0.607000   1.662908
  3.981358   1.240249   0.762939
  3.475488  -0.482588   0.762939
  3.981358  -0.044249   0.762939
  4.169940   0.598000   0.762939
  4.380410   1.271439   0.217908
  3.949730  -0.615494   0.217908
  4.380410  -0.075439   0.217908
  4.534118   0.598000   0.217908
  4.534118   1.240908  -0.425000
  4.169940   1.785939  -0.425000
  3.624908  -0.954118  -0.425000
  4.169940  -0.589939  -0.425000
  4.534118  -0.044908  -0.425000
  4.662000   0.598000  -0.425000
  4.380410   1.271439  -1.067908
  3.949730  -0.615494  -1.067908
  4.380410  -0.075439  -1.067908
  4.534118   0.598000  -1.067908
  3.981358   1.240249  -1.612939
  3.981358  -0.044249  -1.612939
  4.169940   0.598000  -1.612939
  1.799000   1.726000   1.925000
  2.120454   2.282775   1.797118
  1.477546   2.282775   1.797118
  1.156092   1.726000   1.797118
  2.441908   1.726000   1.797118
  2.798358   2.368248   1.432939
  2.292488   2.806588   1.432939
  1.629939   2.901848   1.432939
  1.021065   2.623785   1.432939
  0.659181   2.060681   1.432939
  3.197410   2.399439   0.887908
  2.766730   2.939494   0.887908
  2.144379   3.239203   0.887908
  1.453621   3.239203   0.887908
  0.831271   2.939494   0.887908
  0.400590   2.399439   0.887908
  2.986939   2.913939   0.245000
  2.441908   3.278118   0.245000
  1.799000   3.406000   0.245000
  1.156092   3.278118   0.245000
  0.611061   2.913939   0.245000
  1.453621   3.239203  -0.397908
  0.449061  -0.533939  -2.342000
  0.994092  -0.898118  -2.342000
  1.637000  -1.026000  -2.342000
  2.279908  -0.898118  -2.342000
  2.824939  -0.533939  -2.342000
  3.189118   0.011092  -2.342000
  0.238590  -0.019439  -2.984908
  0.669270  -0.559494  -2.984908
  1.291621  -0.859203  -2.984908
  1.982379  -0.859203  -2.984908
  2.604729  -0.559494  -2.984908
  3.035410  -0.019439  -2.984908
  3.189118   0.654000  -2.984908
  0.497180   0.988681  -3.529939
  0.497180   0.319319  -3.529939
  0.859065  -0.243785  -3.529939
  1.467939  -0.521848  -3.529939
  2.130488  -0.426588  -3.529939
  2.636358   0.011751  -3.529939
  2.824939   0.654000  -3.529939
  1.958454   1.210775  -3.894118
  1.315546   1.210775  -3.894118
  0.994092   0.654000  -3.894118
  1.315546   0.097225  -3.894118
  1.958454   0.097225  -3.894118
  2.279908   0.654000  -3.894118
  1.637000   0.654000  -4.022000
  0.733531   0.279729   2.648962
  1.691024   0.810697   2.416440
  1.059000   0.980047   2.416440
  0.426977   0.810697   2.416440
 -0.035697   0.348024   2.416440
 -0.205047  -0.284000   2.416440
 -0.035697  -0.916024   2.416440
  0.565396   1.450839   2.043949
 -0.027968   1.155379   2.043949
 -0.474531   0.665522   2.043949
 -0.713982   0.047428   2.043949
 -0.713982  -0.615428   2.043949
 -0.474531  -1.233522   2.043949
 -0.027968  -1.723379   2.043949
 -0.060258   1.654612   1.553136
 -0.581948   1.238578   1.553136
 -0.957833   0.687256   1.553136
 -1.154514   0.049634   1.553136
 -1.154514  -0.617634   1.553136
 -0.957833  -1.255256   1.553136
 -0.581948  -1.806578   1.553136
 -0.060258  -2.222612   1.553136
  0.560883  -2.466392   1.553136
  1.226285  -2.516257   1.553136
  3.198065  -0.943814   1.553136
 -0.212622   1.918514   0.972525
 -0.739345   1.514345   0.972525
 -1.397585  -0.942240   0.972525
 -1.143514  -1.555622   0.972525
 -0.739345  -2.082345   0.972525
 -0.212622  -2.486514   0.972525
  0.400760  -2.740585   0.972525
  1.059000  -2.827244   0.972525
  1.717240  -2.740585   0.972525
  2.330622  -2.486514   0.972525
  2.857345  -2.082345   0.972525
  3.261514  -1.555622   0.972525
  3.515585  -0.942240   0.972525
 -0.662152   1.796515   0.335860
 -1.451553  -1.277998   0.335860
 -1.125482  -1.871119   0.335860
 -0.662152  -2.364515   0.335860
 -0.090676  -2.727185   0.335860
  0.553039  -2.936341   0.335860
  1.228545  -2.978840   0.335860
  1.893398  -2.852013   0.335860
  2.505822  -2.563827   0.335860
  3.027338  -2.132392   0.335860
  3.425175  -1.584816   0.335860
 -0.662152   1.796515  -0.319860
 -1.451553  -1.277998  -0.319860
 -1.125482  -1.871119  -0.319860
 -0.662152  -2.364515  -0.319860
 -0.090676  -2.727185  -0.319860
  0.553039  -2.936341  -0.319860
  2.505822  -2.563827  -0.319860
  3.027338  -2.132392  -0.319860
  3.425175  -1.584816  -0.319860
 -1.397585  -0.942240  -0.956525
 -1.143514  -1.555622  -0.956525
 -0.739345  -2.082345  -0.956525
 -0.212622  -2.486514  -0.956525
  2.857345  -2.082345  -0.956525
  3.261514  -1.555622  -0.956525
 -0.957833   0.687256  -1.537136
 -1.154514   0.049634  -1.537136
 -1.154514  -0.617634  -1.537136
 -0.957833  -1.255256  -1.537136
 -0.581948  -1.806578  -1.537136
  2.908549  -1.545001  -1.537136
 -0.713982   0.047428  -2.027949
 -0.713982  -0.615428  -2.027949
 -0.474531  -1.233522  -2.027949
 -0.205047  -0.284000  -2.400440
 -0.035697  -0.916024  -2.400440
  2.240469   1.444729   2.194962
  1.589531   1.444729   2.194962
  2.565939   0.881000   2.194962
  3.009697   1.513023   1.962440
  3.009697   0.248976   1.962440
  3.179047   0.881000   1.962440
  3.596894   1.532569   1.589949
  3.247946   2.096141   1.589949
  0.381469   1.830522   1.589949
  3.596894   0.229431   1.589949
  3.718694   0.881000   1.589949
  4.054065   1.540814   1.099136
  3.764549   2.142001   1.099136
  3.310692   2.631142   1.099136
  3.764549  -0.380001   1.099136
  4.153516   0.881000   1.099136
  4.371585   1.539240   0.518525
  4.117514   2.152622   0.518525
  3.713345   2.679345   0.518525
  3.186622   3.083514   0.518525
  0.116655   2.679345   0.518525
 -0.287514   2.152622   0.518525
  3.713345  -0.917345   0.518525
  4.281175   2.181816  -0.118140
  3.883338   2.729392  -0.118140
  3.361822   3.160827  -0.118140
  2.749398   3.449012  -0.118140
  0.765324   3.324185  -0.118140
  0.193848   2.961515  -0.118140
 -0.269482   2.468119  -0.118140
 -0.595553   1.874998  -0.118140
  4.281175   2.181816  -0.773860
  3.883338   2.729392  -0.773860
  3.361822   3.160827  -0.773860
  2.749398   3.449012  -0.773860
  2.084545   3.575840  -0.773860
  4.371585   1.539240  -1.410525
  4.117514   2.152622  -1.410525
  3.713345   2.679345  -1.410525
  3.186622  -1.321514  -1.410525
  3.713345  -0.917345  -1.410525
  4.054065   1.540814  -1.991136
  2.732822  -1.202776  -1.991136
  3.310692  -0.869142  -1.991136
  3.764549  -0.380001  -1.991136
  4.054065   0.221186  -1.991136
  4.153516   0.881000  -1.991136
  3.596894   0.229431  -2.481949
  0.300022   3.079930  -0.496000
  2.618753   3.461759  -1.082552
  2.015945   3.675997  -1.082552
  1.377690   3.719655  -1.082552
  0.751324   3.589495  -1.082552
  0.183302   3.295170  -1.082552
 -0.284248   2.858509  -1.082552
 -0.616650   2.311897  -1.082552
 -0.789252   1.695873  -1.082552
  3.644174   2.592000  -1.712000
  3.257684   3.095684  -1.712000
  2.754000   3.482174  -1.712000
  2.167448   3.725132  -1.712000
  1.538000   3.808000  -1.712000
  0.908552   3.725132  -1.712000
  0.322000   3.482174  -1.712000
 -0.181684   3.095684  -1.712000
 -0.568174   2.592000  -1.712000
 -0.811132   2.005448  -1.712000
 -0.894000   1.376000  -1.712000
 -0.811132   0.746552  -1.712000
  3.800019   2.009788  -2.341448
  3.545144   2.596571  -2.341448
  3.141407   3.092830  -2.341448
  2.618753   3.461759  -2.341448
  2.015945   3.675997  -2.341448
  1.377690   3.719655  -2.341448
  0.751324   3.589495  -2.341448
  0.183302   3.295170  -2.341448
 -0.284248   2.858509  -2.341448
 -0.616650   2.311897  -2.341448
 -0.789252   1.695873  -2.341448
 -0.789252   1.056127  -2.341448
 -0.616650   0.440103  -2.341448
  3.887132   1.376000  -2.341448
  3.541090   2.026844  -2.928000
  3.241930   2.613978  -2.928000
  2.775978   3.079930  -2.928000
  2.188843   3.379090  -2.928000
  1.538000   3.482174  -2.928000
  0.887156   3.379090  -2.928000
  0.300022   3.079930  -2.928000
 -0.165930   2.613978  -2.928000
 -0.465090   2.026844  -2.928000
 -0.568174   1.376000  -2.928000
 -0.465090   0.725157  -2.928000
 -0.165930   0.138022  -2.928000
  3.541090   0.725157  -2.928000
  3.644174   1.376000  -2.928000
  3.126781   2.034095  -3.431684
  2.754000   2.592000  -3.431684
  2.196094   2.964781  -3.431684
  1.538000   3.095684  -3.431684
  0.879906   2.964781  -3.431684
  0.322000   2.592000  -3.431684
 -0.050781   2.034095  -3.431684
 -0.181684   1.376000  -3.431684
 -0.050781   0.717906  -3.431684
  3.257684   1.376000  -3.431684
  2.560964   2.033419  -3.818174
  2.043145   2.482113  -3.818174
  1.364945   2.579623  -3.818174
  0.741689   2.294992  -3.818174
  0.371257   1.718587  -3.818174
  0.371257   1.033413  -3.818174
  2.754000   1.376000  -3.818174
  1.852724   1.921118  -4.061132
  1.223276   1.921118  -4.061132
  0.908552   1.376000  -4.061132
  2.167448   1.376000  -4.061132
  1.538000   1.376000  -4.144000
 -1.069807   0.612076   1.473805
 -1.235152  -0.005000   1.473805
 -1.176755   1.170755   0.963000
 -1.537198   0.631314   0.963000
 -1.663769  -0.005000   0.963000
 -1.537198  -0.641314   0.963000
 -0.946415   1.632508   0.336405
 -1.449460   1.210403   0.336405
 -1.777800   0.641702   0.336405
 -1.891831  -0.005000   0.336405
 -1.777800  -0.651702   0.336405
 -0.946415   1.632508  -0.330405
 -1.449460   1.210403  -0.330405
 -1.777800   0.641702  -0.330405
 -1.891831  -0.005000  -0.330405
 -1.777800  -0.651702  -0.330405
 -1.176755   1.170755  -0.957000
 -1.537198   0.631314  -0.957000
 -1.663769  -0.005000  -0.957000
 -1.537198  -0.641314  -0.957000
 -1.069807   0.612076  -1.467805
 -1.235152  -0.005000  -1.467805
  0.857661  -3.009105  -0.326596
  1.514339  -3.009105  -0.326596
  2.131415  -2.784508  -0.326596
  0.240585  -2.784508  -0.993405
  0.857661  -3.009105  -0.993405
  1.514339  -3.009105  -0.993405
  2.131415  -2.784508  -0.993405
  2.634460  -2.362403  -0.993405
  0.010245  -2.322755  -1.620000
  0.549686  -2.683198  -1.620000
  1.186000  -2.809769  -1.620000
  1.822314  -2.683198  -1.620000
  2.361755  -2.322755  -1.620000
  2.722198  -1.783314  -1.620000
  0.117193  -1.764076  -2.130805
  0.568924  -2.215807  -2.130805
  1.186000  -2.381152  -2.130805
  1.803076  -2.215807  -2.130805
  2.254807  -1.764076  -2.130805
  0.857661  -1.715700  -2.464210
  1.514339  -1.715700  -2.464210
  1.332000  -0.607000   2.940000
  1.660339  -0.038300   2.824210
  1.003661  -0.038300   2.824210
  0.675321  -0.607000   2.824210
  1.003661  -1.175700   2.824210
  1.660339  -1.175700   2.824210
  1.988679  -0.607000   2.824210
  2.400807   0.010076   2.490805
  1.949076   0.461807   2.490805
  0.263193  -1.224076   2.490805
  0.714924  -1.675807   2.490805
  1.332000  -1.841152   2.490805
  1.949076  -1.675807   2.490805
  2.400807  -1.224076   2.490805
  2.566152  -0.607000   2.490805
  0.695686  -2.143198   1.980000
  1.332000  -2.269769   1.980000
  1.968314  -2.143198   1.980000
  2.507755  -1.782755   1.980000
  2.868198  -1.243314   1.980000
  2.994769  -0.607000   1.980000
  4.050807  -0.019076   1.045805
  4.216152   0.598000   1.045805
  4.518198   1.234314   0.535000
  4.157755  -0.577755   0.535000
  4.518198  -0.038314   0.535000
  4.644769   0.598000   0.535000
  4.758800   1.244702  -0.091596
  3.927416  -1.039508  -0.091596
  4.430461  -0.617403  -0.091596
  4.758800  -0.048702  -0.091596
  4.872831   0.598000  -0.091596
  4.758800   1.244702  -0.758405
  3.927416  -1.039508  -0.758405
  4.430461  -0.617403  -0.758405
  4.758800  -0.048702  -0.758405
  4.872831   0.598000  -0.758405
  4.518198   1.234314  -1.385000
  4.157755  -0.577755  -1.385000
  4.518198  -0.038314  -1.385000
  4.644769   0.598000  -1.385000
  4.050807  -0.019076  -1.895805
  4.216152   0.598000  -1.895805
  1.799000   1.726000   2.165000
  2.127339   2.294700   2.049210
  1.470661   2.294700   2.049210
  1.142321   1.726000   2.049210
  2.867807   2.343076   1.715805
  2.416076   2.794807   1.715805
  1.799000   2.960152   1.715805
  1.181924   2.794807   1.715805
  0.730193   2.343076   1.715805
  2.974755   2.901755   1.205000
  2.435314   3.262198   1.205000
  1.799000   3.388769   1.205000
  1.162686   3.262198   1.205000
  0.623245   2.901755   1.205000
  0.262802   2.362314   1.205000
  2.744415   3.363508   0.578405
  2.127339   3.588105   0.578405
  1.470661   3.588105   0.578405
  0.853585   3.363508   0.578405
  0.350540   2.941403   0.578405
  2.127339   3.588105  -0.088404
  1.470661   3.588105  -0.088404
  0.853585   3.363508  -0.088404
  0.188539  -0.561403  -2.675405
  0.691585  -0.983508  -2.675405
  1.308661  -1.208105  -2.675405
  1.965339  -1.208105  -2.675405
  2.582415  -0.983508  -2.675405
  3.085460  -0.561403  -2.675405
  3.413800   0.007298  -2.675405
  0.100802   0.017686  -3.302000
  0.461245  -0.521755  -3.302000
  1.000686  -0.882198  -3.302000
  1.637000  -1.008769  -3.302000
  2.273314  -0.882198  -3.302000
  2.812755  -0.521755  -3.302000
  3.173198   0.017686  -3.302000
  3.299769   0.654000  -3.302000
  0.402848   0.654000  -3.812805
  0.568193   0.036924  -3.812805
  1.019924  -0.414807  -3.812805
  1.637000  -0.580152  -3.812805
  2.254076  -0.414807  -3.812805
  2.705807   0.036924  -3.812805
  2.871152   0.654000  -3.812805
  1.965339   1.222700  -4.146210
  1.308661   1.222700  -4.146210
  0.980321   0.654000  -4.146210
  1.308661   0.085300  -4.146210
  1.965339   0.085300  -4.146210
  2.293679   0.654000  -4.146210
  1.637000   0.654000  -4.262000
  1.377105   0.266974   3.001132
  0.740895   0.266974   3.001132
  0.422790  -0.284000   3.001132
  2.136867   0.338307   2.803449
  1.681307   0.793867   2.803449
  1.059000   0.960614   2.803449
  0.436693   0.793867   2.803449
 -0.018867   0.338307   2.803449
 -0.185614  -0.284000   2.803449
 -0.018867  -0.906307   2.803449
  2.736166   0.365738   2.483592
  1.224956   1.506950   2.483592
  0.566784   1.445962   2.483592
 -0.024912   1.151332   2.483592
 -0.470220   0.662853   2.483592
 -0.708998   0.046496   2.483592
 -0.708998  -0.614496   2.483592
 -0.470220  -1.230853   2.483592
 -0.024912  -1.719332   2.483592
  0.566784  -2.013962   2.483592
  0.114337   1.784524   2.055540
 -0.430168   1.434592   2.055540
 -0.854030   0.945430   2.055540
 -1.122909   0.356666   2.055540
 -1.215023  -0.284000   2.055540
 -1.122909  -0.924666   2.055540
 -0.854030  -1.513430   2.055540
 -0.430168  -2.002592   2.055540
  0.114337  -2.352524   2.055540
  0.735373  -2.534877   2.055540
  1.382627  -2.534877   2.055540
  3.240909  -0.924666   2.055540
  3.333023  -0.284000   2.055540
 -0.069331   2.113826   1.538000
 -0.630198   1.757889   1.538000
 -1.084926   1.273653   1.538000
 -1.404943   0.691544   1.538000
 -1.570141   0.048138   1.538000
 -1.570141  -0.616138   1.538000
 -1.404943  -1.259544   1.538000
 -1.084926  -1.841653   1.538000
 -0.630198  -2.325889   1.538000
 -0.069331  -2.681826   1.538000
  0.562432  -2.887098   1.538000
  1.225397  -2.928809   1.538000
  1.877907  -2.804336   1.538000
  2.478961  -2.521501   1.538000
  2.990794  -2.098076   1.538000
  3.381246  -1.560665   1.538000
  3.625782  -0.943038   1.538000
 -0.755501   1.991312   0.953592
 -1.216312   1.530501   0.953592
 -1.778267  -0.931588   0.953592
 -1.563029  -1.546703   0.953592
 -1.216312  -2.098501   0.953592
 -0.755501  -2.559312   0.953592
 -0.203703  -2.906029   0.953592
  0.411412  -3.121267   0.953592
  1.059000  -3.194233   0.953592
  1.706588  -3.121267   0.953592
  2.321703  -2.906029   0.953592
  2.873501  -2.559312   0.953592
  3.334312  -2.098501   0.953592
  3.681029  -1.546703   0.953592
 -1.150376   1.808832   0.327857
 -1.824933  -1.255710   0.327857
 -1.548619  -1.852953   0.327857
 -1.150376  -2.376832   0.327857
 -0.648825  -2.802854   0.327857
 -0.067418  -3.111096   0.327857
  0.566659  -3.287147   0.327857
  1.223758  -3.322774   0.327857
  1.873152  -3.216311   0.327857
  2.484478  -2.972737   0.327857
  3.029150  -2.603440   0.327857
  3.481700  -2.125689   0.327857
  3.820967  -1.561822   0.327857
 -1.150376   1.808832  -0.311857
 -1.824933  -1.255710  -0.311857
 -1.548619  -1.852953  -0.311857
 -1.150376  -2.376832  -0.311857
 -0.648825  -2.802854  -0.311857
 -0.067418  -3.111096  -0.311857
  0.566659  -3.287147  -0.311857
  1.223758  -3.322774  -0.311857
  1.873152  -3.216311  -0.311857
  2.484478  -2.972737  -0.311857
  3.029150  -2.603440  -0.311857
  3.481700  -2.125689  -0.311857
  3.820967  -1.561822  -0.311857
 -1.216312   1.530501  -0.937592
 -1.778267  -0.931588  -0.937592
 -1.563029  -1.546703  -0.937592
 -1.216312  -2.098501  -0.937592
 -0.755501  -2.559312  -0.937592
 -0.203703  -2.906029  -0.937592
  2.873501  -2.559312  -0.937592
  3.334312  -2.098501  -0.937592
 -1.404943   0.691544  -1.522000
 -1.570141   0.048138  -1.522000
 -1.570141  -0.616138  -1.522000
 -1.404943  -1.259544  -1.522000
 -1.084926  -1.841653  -1.522000
 -0.630198  -2.325889  -1.522000
 -0.069331  -2.681826  -1.522000
  2.990794  -2.098076  -1.522000
 -1.122909   0.356666  -2.039540
 -1.215023  -0.284000  -2.039540
 -1.122909  -0.924666  -2.039540
 -0.854030  -1.513430  -2.039540
 -0.430168  -2.002592  -2.039540
  2.972030  -1.513430  -2.039540
 -0.708998  -0.614496  -2.467592
 -0.470220  -1.230853  -2.467592
 -0.024912  -1.719332  -2.467592
  2.388198  -1.495724  -2.467592
 -0.018867  -0.906307  -2.787449
  0.436693  -1.361867  -2.787449
  1.059000  -1.528614  -2.787449
  2.233105   1.431974   2.547132
  1.596895   1.431974   2.547132
  2.551210   0.881000   2.547132
  2.992867   1.503307   2.349449
  2.537307   1.958867   2.349449
  1.292693   1.958867   2.349449
  2.992867   0.258693   2.349449
  3.159614   0.881000   2.349449
  3.592166   1.530738   2.029592
  3.244198   2.092724   2.029592
  3.592166   0.231262   2.029592
  3.713623   0.881000   2.029592
  4.096909   1.521666   1.601540
  3.828030   2.110430   1.601540
  3.404168   2.599592   1.601540
  0.001970   2.110430   1.601540
  3.828030  -0.348430   1.601540
  4.096909   0.240334   1.601540
  4.189023   0.881000   1.601540
  4.481782   1.540038   1.084000
  4.237246   2.157665   1.084000
  3.846794   2.695076   1.084000
  3.334961   3.118501   1.084000
 -0.228926   2.438653   1.084000
  4.237246  -0.395665   1.084000
  4.481782   0.221962   1.084000
  4.565038   0.881000   1.084000
  4.752267   1.528588   0.499592
  4.537029   2.143703   0.499592
  4.190312   2.695501   0.499592
  3.729501   3.156312   0.499592
  3.177703   3.503029   0.499592
  0.100499   3.156312   0.499592
 -0.360312   2.695501   0.499592
  4.676967   2.158822  -0.126143
  4.337700   2.722689  -0.126143
  3.885150   3.200440  -0.126143
  3.340478   3.569737  -0.126143
  2.729152   3.813311  -0.126143
  2.079757   3.919774  -0.126143
  1.422659   3.884147  -0.126143
  0.788582   3.708096  -0.126143
  0.207175   3.399854  -0.126143
 -0.294376   2.973832  -0.126143
 -0.692620   2.449953  -0.126143
  4.676967   2.158822  -0.765857
  4.337700   2.722689  -0.765857
  3.885150   3.200440  -0.765857
  3.340478   3.569737  -0.765857
  2.729152   3.813311  -0.765857
  2.079757   3.919774  -0.765857
  3.885150  -1.438440  -0.765857
  4.752267   1.528588  -1.391592
  4.537029   2.143703  -1.391592
  4.190312   2.695501  -1.391592
  3.729501   3.156312  -1.391592
  3.729501  -1.394312  -1.391592
  4.190312  -0.933501  -1.391592
  4.481782   1.540038  -1.976000
  4.237246   2.157665  -1.976000
  3.334961  -1.356501  -1.976000
  3.846794  -0.933076  -1.976000
  4.237246  -0.395665  -1.976000
  4.481782   0.221962  -1.976000
  4.565038   0.881000  -1.976000
  2.859663  -1.187524  -2.493540
  3.404168  -0.837592  -2.493540
  3.828030  -0.348430  -2.493540
  4.096909   0.240334  -2.493540
  4.189023   0.881000  -2.493540
  1.698631   3.929156  -0.741801
  1.058640   3.888892  -0.741801
  0.448770   3.690733  -0.741801
 -0.092661   3.347130  -0.741801
 -0.531631   2.879675  -0.741801
 -0.840558   2.317738  -0.741801
  3.080893   3.611267  -1.382212
  2.501125   3.915552  -1.382212
  1.865384   4.072248  -1.382212
  1.210616   4.072248  -1.382212
  0.574875   3.915552  -1.382212
 -0.004893   3.611267  -1.382212
 -0.494994   3.177075  -1.382212
 -0.866944   2.638212  -1.382212
 -1.099128   2.025994  -1.382212
 -1.178051   1.376000  -1.382212
  3.942944   2.638212  -2.041788
  3.570994   3.177075  -2.041788
  3.080893   3.611267  -2.041788
  2.501125   3.915552  -2.041788
  1.865384   4.072248  -2.041788
  1.210616   4.072248  -2.041788
  0.574875   3.915552  -2.041788
 -0.004893   3.611267  -2.041788
 -0.494994   3.177075  -2.041788
 -0.866944   2.638212  -2.041788
 -1.099128   2.025994  -2.041788
 -1.178051   1.376000  -2.041788
 -1.099128   0.726006  -2.041788
  4.015834   2.012200  -2.682199
  3.779772   2.608424  -2.682199
  3.402851   3.127211  -2.682199
  2.908754   3.535963  -2.682199
  2.328529   3.808997  -2.682199
  1.698631   3.929156  -2.682199
  1.058640   3.888892  -2.682199
  0.448770   3.690733  -2.682199
 -0.092661   3.347130  -2.682199
 -0.531631   2.879675  -2.682199
 -0.840558   2.317738  -2.682199
 -1.000032   1.696628  -2.682199
 -1.000032   1.055372  -2.682199
 -0.840558   0.434262  -2.682199
 -0.531631  -0.127675  -2.682199
  4.015834   0.739800  -2.682199
  4.096204   1.376000  -2.682199
  3.698475   2.010373  -3.266225
  3.432237   2.593352  -3.266225
  3.012539   3.077709  -3.266225
  2.473383   3.424204  -3.266225
  1.858448   3.604765  -3.266225
  1.217552   3.604765  -3.266225
  0.602617   3.424204  -3.266225
  0.063461   3.077709  -3.266225
 -0.356237   2.593352  -3.266225
 -0.622475   2.010373  -3.266225
 -0.713684   1.376000  -3.266225
 -0.622475   0.741627  -3.266225
 -0.356237   0.158648  -3.266225
  3.698475   0.741627  -3.266225
  3.789684   1.376000  -3.266225
  3.229788   2.031402  -3.759925
  2.878787   2.598288  -3.759925
  2.346705   3.000098  -3.759925
  1.705403   3.182564  -3.759925
  1.041492   3.121044  -3.759925
  0.444638   2.823846  -3.759925
 -0.004552   2.331108  -3.759925
 -0.245412   1.709377  -3.759925
 -0.245412   1.042623  -3.759925
 -0.004552   0.420892  -3.759925
  3.352304   1.376000  -3.759925
  2.639136   2.011741  -4.134608
  2.173741   2.477136  -4.134608
  1.538000   2.647483  -4.134608
  0.902259   2.477136  -4.134608
  0.436864   2.011741  -4.134608
  0.266517   1.376000  -4.134608
  2.809483   1.376000  -4.134608
  1.865384   1.943045  -4.368497
  1.210616   1.943045  -4.368497
  0.883232   1.376000  -4.368497
  2.192768   1.376000  -4.368497
  1.538000   1.376000  -4.448000
 -1.615458   0.663730   1.272616
 -1.748477  -0.005000   1.272616
 -1.392327   1.506384   0.670477
 -1.807687   0.972730   0.670477
 -2.027264   0.333124   0.670477
 -2.027264  -0.343124   0.670477
 -1.584392   1.464173   0.003000
 -1.947093   0.932189   0.003000
 -2.136875   0.316931   0.003000
 -2.136875  -0.326931   0.003000
 -1.947093  -0.942189   0.003000
 -1.392327   1.506384  -0.664477
 -1.807687   0.972730  -0.664477
 -2.027264   0.333124  -0.664477
 -2.027264  -0.343124  -0.664477
 -1.615458   0.663730  -1.266616
 -1.748477  -0.005000  -1.266616
  0.705355  -3.252844  -0.660000
  1.347417  -3.300960  -0.660000
  1.975137  -3.157687  -0.660000
  0.360804  -3.028257  -1.327477
  1.016359  -3.194266  -1.327477
  1.690296  -3.138422  -1.327477
  2.309586  -2.866776  -1.327477
 -0.049653  -2.382653  -1.929616
  0.517270  -2.761458  -1.929616
  1.186000  -2.894477  -1.929616
  1.854730  -2.761458  -1.929616
  2.421653  -2.382653  -1.929616
  0.551192  -2.246520  -2.407477
  1.186000  -2.416616  -2.407477
  1.820808  -2.246520  -2.407477
  2.285520  -1.781808  -2.407477
  0.852262  -1.725052  -2.714282
  1.519738  -1.725052  -2.714282
  1.332000  -0.607000   3.180000
  1.665738  -0.028948   3.074282
  0.998262  -0.028948   3.074282
  0.664523  -0.607000   3.074282
  0.998262  -1.185052   3.074282
  1.665738  -1.185052   3.074282
  1.999477  -0.607000   3.074282
  2.431520   0.027808   2.767477
  0.697192  -1.706520   2.767477
  1.332000  -1.876616   2.767477
  1.966808  -1.706520   2.767477
  2.431520  -1.241808   2.767477
  2.601616  -0.607000   2.767477
  1.332000  -2.354477   2.289616
  2.000730  -2.221458   2.289616
  2.567653  -1.842653   2.289616
  2.946458  -1.275730   2.289616
  3.079477  -0.607000   2.289616
  4.596458  -0.070730   0.844616
  4.729477   0.598000   0.844616
  4.924976   1.265024   0.242477
  4.603117  -0.663766   0.242477
  4.924976  -0.069024   0.242477
  5.036282   0.598000   0.242477
  5.046037   1.234671  -0.425000
  4.328738  -1.090756  -0.425000
  4.766676  -0.618771  -0.425000
  5.046037  -0.038671  -0.425000
  5.142000   0.598000  -0.425000
  4.924976   1.265024  -1.092477
  4.603117  -0.663766  -1.092477
  4.924976  -0.069024  -1.092477
  5.036282   0.598000  -1.092477
  4.596458  -0.070730  -1.694616
  4.729477   0.598000  -1.694616
  2.132738   2.304052   2.299282
  1.465262   2.304052   2.299282
  2.433808   2.825520   1.992477
  1.799000   2.995616   1.992477
  1.164192   2.825520   1.992477
  0.699480   2.360808   1.992477
  3.034653   2.961653   1.514616
  2.467730   3.340458   1.514616
  1.799000   3.473477   1.514616
  1.130270   3.340458   1.514616
  0.563347   2.961653   1.514616
  2.922586   3.445776   0.912477
  2.303296   3.717422   0.912477
  1.629359   3.773266   0.912477
  0.973804   3.607257   0.912477
  0.407673   3.237384   0.912477
  1.960417   3.879960   0.245000
  1.318355   3.831844   0.245000
 -0.169687  -0.323730  -3.009477
  0.245673  -0.857384  -3.009477
  0.811804  -1.227257  -3.009477
  1.467359  -1.393266  -3.009477
  2.141296  -1.337422  -3.009477
  2.760586  -1.065776  -3.009477
  3.258117  -0.607766  -3.009477
  3.579975  -0.013024  -3.009477
  0.022542  -0.014730  -3.611616
  0.401347  -0.581653  -3.611616
  0.968270  -0.960458  -3.611616
  1.637000  -1.093477  -3.611616
  2.305730  -0.960458  -3.611616
  2.872653  -0.581653  -3.611616
  3.251458  -0.014730  -3.611616
  3.384477   0.654000  -3.611616
  0.367384   0.654000  -4.089477
  0.537480   0.019192  -4.089477
  1.002192  -0.445520  -4.089477
  1.637000  -0.615616  -4.089477
  2.271808  -0.445520  -4.089477
  2.736520   0.019192  -4.089477
  2.906616   0.654000  -4.089477
  0.969523   0.654000  -4.396282
  1.303262   0.075948  -4.396282
  1.970738   0.075948  -4.396282
  2.304477   0.654000  -4.396282
  1.637000   0.654000  -4.502000
  1.059000  -0.284000   3.408000
  1.390654   0.290441   3.342670
  0.727346   0.290441   3.342670
  0.395693  -0.284000   3.342670
  0.727346  -0.858441   3.342670
  2.185806   0.366562   3.149190
  1.709562   0.842806   3.149190
  1.059000   1.017124   3.149190
  0.408438   0.842806   3.149190
 -0.067806   0.366562   3.149190
 -0.242124  -0.284000   3.149190
 -0.067806  -0.934562   3.149190
  0.408438  -1.410806   3.149190
  2.834022   0.362055   2.834997
  0.730989   1.576242   2.834997
  0.114531   1.351869   2.834997
 -0.388011   0.930186   2.834997
 -0.716022   0.362055   2.834997
 -0.829939  -0.284000   2.834997
 -0.716022  -0.930055   2.834997
 -0.388011  -1.498186   2.834997
  0.114531  -1.919869   2.834997
  0.730989  -2.144242   2.834997
  2.947939  -0.284000   2.834997
  0.253895   1.981349   2.412163
 -0.327434   1.680129   2.412163
 -0.805936   1.233238   2.412163
 -1.146126   0.673821   2.412163
 -1.322771   0.043367   2.412163
 -1.322771  -0.611367   2.412163
 -1.146126  -1.241821   2.412163
 -0.805936  -1.801238   2.412163
 -0.327434  -2.248129   2.412163
  0.253895  -2.549349   2.412163
  0.894934  -2.682558   2.412163
  1.548141  -2.637878   2.412163
  2.165071  -2.418621   2.412163
  2.699969  -2.041049   2.412163
  3.113164  -1.533165   2.412163
  3.374010  -0.932635   2.412163
  3.463163  -0.284000   2.412163
 -0.354498   2.164251   1.896939
 -0.881003   1.772283   1.896939
 -1.302921   1.269460   1.896939
 -1.597508   0.682890   1.896939
 -1.748882   0.044194   1.896939
 -1.748882  -0.612194   1.896939
 -1.597508  -1.250890   1.896939
 -1.302921  -1.837460   1.896939
 -0.881003  -2.340283   1.896939
 -0.354498  -2.732251   1.896939
  0.248208  -2.992233   1.896939
  0.894625  -3.106214   1.896939
  1.549903  -3.068048   1.896939
  2.178716  -2.879794   1.896939
  2.747165  -2.551600   1.896939
  3.224605  -2.101158   1.896939
  3.585297  -1.552754   1.896939
  3.809795  -0.935950   1.896939
 -1.042867   2.050359   1.309124
 -1.482276   1.562345   1.309124
 -1.810620   0.993637   1.309124
 -2.013548   0.369090   1.309124
 -2.082190  -0.284000   1.309124
 -2.013548  -0.937090   1.309124
 -1.810620  -1.561637   1.309124
 -1.482276  -2.130345   1.309124
 -1.042867  -2.618359   1.309124
 -0.511595  -3.004351   1.309124
  0.088319  -3.271450   1.309124
  0.730656  -3.407983   1.309124
  1.387344  -3.407983   1.309124
  2.029681  -3.271450   1.309124
  2.629595  -3.004351   1.309124
  3.160867  -2.618359   1.309124
  3.600276  -2.130345   1.309124
  3.928620  -1.561637   1.309124
 -1.298968   2.073968   0.671307
 -1.713677   1.568643   0.671307
 -2.211595  -0.934562   0.671307
 -2.021833  -1.560123   0.671307
 -1.713677  -2.136643   0.671307
 -1.298968  -2.641968   0.671307
 -0.793643  -3.056677   0.671307
 -0.217123  -3.364833   0.671307
  0.408438  -3.554595   0.671307
  1.059000  -3.618670   0.671307
  1.709562  -3.554595   0.671307
  2.335123  -3.364833   0.671307
  2.911643  -3.056677   0.671307
  3.416968  -2.641968   0.671307
  3.831677  -2.136643   0.671307
  4.139833  -1.560123   0.671307
 -1.167526   2.285549   0.008000
 -1.613581   1.817741   0.008000
 -2.325605  -0.607191   0.008000
 -2.203276  -1.241891   0.008000
 -1.963041  -1.841970   0.008000
 -1.613581  -2.385741   0.008000
 -1.167526  -2.853549   0.008000
 -0.641000  -3.228486   0.008000
 -0.053031  -3.497003   0.008000
  0.575130  -3.649393   0.008000
  1.220779  -3.680149   0.008000
  1.860580  -3.588159   0.008000
  2.471411  -3.376749   0.008000
  3.031194  -3.053558   0.008000
  3.519696  -2.630269   0.008000
  3.919262  -2.122179   0.008000
 -1.298968   2.073968  -0.655307
 -1.713677   1.568643  -0.655307
 -2.211595  -0.934562  -0.655307
 -2.021833  -1.560123  -0.655307
 -1.713677  -2.136643  -0.655307
 -1.298968  -2.641968  -0.655307
 -0.793643  -3.056677  -0.655307
 -0.217123  -3.364833  -0.655307
  0.408438  -3.554595  -0.655307
  1.059000  -3.618670  -0.655307
  1.709562  -3.554595  -0.655307
  2.335123  -3.364833  -0.655307
  2.911643  -3.056677  -0.655307
  3.416968  -2.641968  -0.655307
  3.831677  -2.136643  -0.655307
 -1.482276   1.562345  -1.293124
 -1.810620   0.993637  -1.293124
 -2.013548   0.369090  -1.293124
 -2.082190  -0.284000  -1.293124
 -2.013548  -0.937090  -1.293124
 -1.810620  -1.561637  -1.293124
 -1.482276  -2.130345  -1.293124
 -1.042867  -2.618359  -1.293124
 -0.511595  -3.004351  -1.293124
  0.088319  -3.271450  -1.293124
  2.629595  -3.004351  -1.293124
  3.160867  -2.618359  -1.293124
  3.600276  -2.130345  -1.293124
 -1.597508   0.682890  -1.880939
 -1.748882   0.044194  -1.880939
 -1.748882  -0.612194  -1.880939
 -1.597508  -1.250890  -1.880939
 -1.302921  -1.837460  -1.880939
 -0.881003  -2.340283  -1.880939
 -0.354498  -2.732251  -1.880939
  0.248208  -2.992233  -1.880939
  2.747165  -2.551600  -1.880939
  3.224605  -2.101158  -1.880939
 -1.322771   0.043367  -2.396163
 -1.322771  -0.611367  -2.396163
 -1.146126  -1.241821  -2.396163
 -0.805936  -1.801238  -2.396163
 -0.327434  -2.248129  -2.396163
  0.253895  -2.549349  -2.396163
  2.699969  -2.041049  -2.396163
 -0.829939  -0.284000  -2.818997
 -0.716022  -0.930055  -2.818997
 -0.388011  -1.498186  -2.818997
  0.114531  -1.919869  -2.818997
  0.730989  -2.144242  -2.818997
  2.003469  -1.919869  -2.818997
 -0.067806  -0.934562  -3.133190
  0.408438  -1.410806  -3.133190
  1.059000  -1.585124  -3.133190
  2.246654   1.455441   2.888670
  1.583346   1.455441   2.888670
  2.578307   0.881000   2.888670
  3.041806   1.531562   2.695190
  2.565562   2.007806   2.695190
  1.915000   2.182124   2.695190
  1.264438   2.007806   2.695190
  3.216124   0.881000   2.695190
  3.690022   1.527055   2.380997
  3.362011   2.095186   2.380997
  2.859469   2.516869   2.380997
  2.243011   2.741242   2.380997
  0.970531   2.516869   2.380997
  0.467989   2.095186   2.380997
  3.690022   0.234945   2.380997
  3.803939   0.881000   2.380997
  4.230010   1.529635   1.958163
  3.969164   2.130165   1.958163
  3.555969   2.638049   1.958163
  3.021071   3.015621   1.958163
  0.528566   2.845129   1.958163
  0.050064   2.398238   1.958163
  3.969164  -0.368165   1.958163
  4.230010   0.232365   1.958163
  4.319163   0.881000   1.958163
  4.665795   1.532950   1.442939
  4.441296   2.149754   1.442939
  4.080605   2.698158   1.442939
  3.603165   3.148600   1.442939
  3.034716   3.476794   1.442939
 -0.025003   2.937283   1.442939
 -0.446921   2.434460   1.442939
  4.080605  -0.936158   1.442939
  4.441296  -0.387754   1.442939
  4.665795   0.229050   1.442939
  4.741997   0.881000   1.442939
  4.987548   1.534090   0.855124
  4.784620   2.158637   0.855124
  4.456276   2.727345   0.855124
  4.016867   3.215359   0.855124
  3.485595   3.601351   0.855124
  2.885681   3.868450   0.855124
  2.243344   4.004983   0.855124
  0.344405   3.601351   0.855124
 -0.186867   3.215359   0.855124
 -0.626276   2.727345   0.855124
  4.456276  -0.965345   0.855124
  4.784620  -0.396637   0.855124
  4.987548   0.227910   0.855124
  5.056190   0.881000   0.855124
  5.185595   1.531562   0.217307
  4.995833   2.157123   0.217307
  4.687677   2.733643   0.217307
  4.272968   3.238968   0.217307
  3.767643   3.653677   0.217307
  3.191123   3.961833   0.217307
  2.565562   4.151595   0.217307
  1.915000   4.215670   0.217307
  1.264438   4.151595   0.217307
  0.638877   3.961833   0.217307
  0.062357   3.653677   0.217307
 -0.442968   3.238968   0.217307
 -0.857677   2.733643   0.217307
  4.272968  -1.476968   0.217307
  4.687677  -0.971643   0.217307
  5.253558   1.524454  -0.446000
  5.071451   2.144652  -0.446000
  4.775262   2.719179  -0.446000
  4.375696   3.227269  -0.446000
  3.887193   3.650558  -0.446000
  3.327411   3.973749  -0.446000
  2.716580   4.185159  -0.446000
  2.076778   4.277149  -0.446000
  1.431130   4.246393  -0.446000
  0.802969   4.094003  -0.446000
  0.215000   3.825486  -0.446000
 -0.311527   3.450549  -0.446000
 -0.757581   2.982741  -0.446000
 -1.107041   2.438970  -0.446000
  4.375696  -1.465269  -0.446000
  5.185595   1.531562  -1.109307
  4.995833   2.157123  -1.109307
  4.687677   2.733643  -1.109307
  4.272968   3.238968  -1.109307
  3.767643   3.653677  -1.109307
  3.191123   3.961833  -1.109307
  4.272968  -1.476968  -1.109307
  4.687677  -0.971643  -1.109307
  4.987548   1.534090  -1.747124
  4.784620   2.158637  -1.747124
  4.456276   2.727345  -1.747124
  4.016867   3.215359  -1.747124
  4.016867  -1.453359  -1.747124
  4.456276  -0.965345  -1.747124
  4.784620  -0.396637  -1.747124
  4.987548   0.227910  -1.747124
  5.056190   0.881000  -1.747124
  4.665795   1.532950  -2.334939
  4.441296   2.149754  -2.334939
  3.603165  -1.386600  -2.334939
  4.080605  -0.936158  -2.334939
  4.441296  -0.387754  -2.334939
  4.665795   0.229050  -2.334939
  4.741997   0.881000  -2.334939
  3.021071  -1.253621  -2.850163
  3.555969  -0.876049  -2.850163
  3.969164  -0.368165  -2.850163
  4.230010   0.232365  -2.850163
  4.319163   0.881000  -2.850163
  1.538000   4.267212  -0.772588
  0.894645   4.194723  -0.772588
  0.283550   3.980892  -0.772588
 -0.264641   3.636440  -0.772588
 -0.722440   3.178641  -0.772588
 -1.066892   2.630450  -0.772588
  2.954161   4.047163  -1.394233
  2.346831   4.289146  -1.394233
  1.701681   4.394913  -1.394233
  1.048877   4.359519  -1.394233
  0.418944   4.184619  -1.394233
 -0.158663   3.878391  -1.394233
 -0.656936   3.455154  -1.394233
 -1.052576   2.934698  -1.394233
 -1.327084   2.341359  -1.394233
 -1.467624   1.702881  -1.394233
  3.944865   3.205651  -2.029767
  3.495273   3.680280  -2.029767
  2.954161   4.047163  -2.029767
  2.346831   4.289146  -2.029767
  1.701681   4.394913  -2.029767
  1.048877   4.359519  -2.029767
  0.418944   4.184619  -2.029767
 -0.158663   3.878391  -2.029767
 -0.656936   3.455154  -2.029767
 -1.052576   2.934698  -2.029767
 -1.327084   2.341359  -2.029767
 -1.467624   1.702881  -2.029767
 -1.467624   1.049119  -2.029767
  4.356723   2.019355  -2.651412
  4.142892   2.630450  -2.651412
  3.798440   3.178641  -2.651412
  3.340641   3.636440  -2.651412
  2.792450   3.980892  -2.651412
  2.181355   4.194723  -2.651412
  1.538000   4.267212  -2.651412
  0.894645   4.194723  -2.651412
  0.283550   3.980892  -2.651412
 -0.264641   3.636440  -2.651412
 -0.722440   3.178641  -2.651412
 -1.066892   2.630450  -2.651412
 -1.280723   2.019355  -2.651412
 -1.353212   1.376000  -2.651412
 -1.280723   0.732645  -2.651412
 -1.066892   0.121550  -2.651412
  4.088006   2.030730  -3.232000
  3.845068   2.644321  -3.232000
  3.457168   3.178219  -3.232000
  2.948680   3.598877  -3.232000
  2.351554   3.879863  -3.232000
  1.703310   4.003522  -3.232000
  1.044678   3.962085  -3.232000
  0.417044   3.758154  -3.232000
 -0.140157   3.404544  -3.232000
 -0.591913   2.923472  -3.232000
 -0.909839   2.345168  -3.232000
 -1.073957   1.705967  -3.232000
 -1.073957   1.046033  -3.232000
 -0.909839   0.406832  -3.232000
 -0.591913  -0.171472  -3.232000
  3.845068   0.107679  -3.232000
  4.088006   0.721270  -3.232000
  4.170717   1.376000  -3.232000
  3.705648   2.012479  -3.746157
  3.438527   2.597394  -3.746157
  3.017435   3.083359  -3.746157
  2.476489   3.431005  -3.746157
  1.859512   3.612165  -3.746157
  1.216488   3.612165  -3.746157
  0.599511   3.431005  -3.746157
  0.058565   3.083359  -3.746157
 -0.362527   2.597394  -3.746157
 -0.629648   2.012479  -3.746157
 -0.721160   1.376000  -3.746157
 -0.629648   0.739521  -3.746157
 -0.362527   0.154606  -3.746157
  3.705648   0.739521  -3.746157
  3.797160   1.376000  -3.746157
  3.204204   2.021491  -4.171412
  2.858511   2.579805  -4.171412
  2.334475   2.975538  -4.171412
  1.702871   3.155245  -4.171412
  1.049001   3.094655  -4.171412
  0.461172   2.801951  -4.171412
  0.018775   2.316664  -4.171412
 -0.218442   1.704336  -4.171412
 -0.218442   1.047664  -4.171412
  0.018775   0.435336  -4.171412
  3.204204   0.730509  -4.171412
  3.324867   1.376000  -4.171412
  2.608823   1.994240  -4.489178
  2.156240   2.446823  -4.489178
  1.538000   2.612479  -4.489178
  0.919760   2.446823  -4.489178
  0.467177   1.994240  -4.489178
  0.301521   1.376000  -4.489178
  0.467177   0.757760  -4.489178
  2.774479   1.376000  -4.489178
  1.854026   1.923373  -4.685569
  1.221974   1.923373  -4.685569
  0.905948   1.376000  -4.685569
  2.170052   1.376000  -4.685569
  1.538000   1.376000  -4.752000
 -2.077267   0.669620   0.999996
 -2.184117  -0.005000   0.999996
 -1.999458   1.279331   0.344556
 -2.280344   0.664276   0.344556
 -2.376571  -0.005000   0.344556
 -1.999458   1.279331  -0.338556
 -2.280344   0.664276  -0.338556
 -2.376571  -0.005000  -0.338556
 -2.077267   0.669620  -0.993996
 -2.184117  -0.005000  -0.993996
  1.524079  -3.498392  -1.001556
  0.511380  -3.223267  -1.656996
  1.186000  -3.330117  -1.656996
  1.860620  -3.223267  -1.656996
  2.469204  -2.913179  -1.656996
  0.689630  -2.891558  -2.231666
  1.353356  -2.953062  -2.231666
  1.994480  -2.770646  -2.231666
  1.186000  -2.444538  -2.679009
  1.834769  -2.270701  -2.679009
  1.332000  -0.607000   3.420000
  0.993921  -1.192570   3.322783
  1.670079  -1.192570   3.322783
  2.008158  -0.607000   3.322783
  1.332000  -1.904538   3.039008
  1.980769  -1.730701   3.039008
  2.455701  -1.255769   3.039008
  2.629538  -0.607000   3.039008
  2.140480  -2.230646   2.591666
  2.672414  -1.828948   2.591666
  5.058268  -0.076620   0.571996
  5.165117   0.598000   0.571996
  4.980458  -0.686331  -0.083444
  5.261344  -0.071276  -0.083444
  5.357572   0.598000  -0.083444
  4.980458  -0.686331  -0.766556
  5.261344  -0.071276  -0.766556
  5.357572   0.598000  -0.766556
  5.058268  -0.076620  -1.421996
  5.165117   0.598000  -1.421996
  1.799000   3.023538   2.264008
  1.150231   2.849701   2.264008
  2.607480   3.349646   1.816666
  1.966356   3.532062   1.816666
  1.302630   3.470558   1.816666
  0.705942   3.173443   1.816666
  2.473620   3.802267   1.241996
  1.799000   3.909117   1.241996
  1.124380   3.802267   1.241996
  0.515796   3.492179   1.241996
 -0.129179  -0.629204  -3.338996
  0.353796  -1.112179  -3.338996
  0.962380  -1.422267  -3.338996
  1.637000  -1.529117  -3.338996
  2.311620  -1.422267  -3.338996
  2.920204  -1.112179  -3.338996
  3.403179  -0.629204  -3.338996
  3.713267  -0.020620  -3.338996
  0.094877  -0.300842  -3.913666
  0.543942  -0.793443  -3.913666
  1.140630  -1.090558  -3.913666
  1.804356  -1.152062  -3.913666
  2.445480  -0.969646  -3.913666
  2.977414  -0.567948  -3.913666
  3.328317  -0.001220  -3.913666
  0.513299   0.005231  -4.361008
  0.988231  -0.469701  -4.361008
  1.637000  -0.643538  -4.361008
  2.285769  -0.469701  -4.361008
  2.760701   0.005231  -4.361008
  2.934538   0.654000  -4.361008
  0.960842   0.654000  -4.644783
  1.298921   0.068430  -4.644783
  1.975079   0.068430  -4.644783
  2.313158   0.654000  -4.644783
  1.637000   0.654000  -4.742000
