  0.735738   0.318690   2.276593
  1.714363   0.852337   1.995183
  1.071000   1.024725   1.995183
  0.427637   0.852337   1.995183
 -0.043337   0.381363   1.995183
 -0.215725  -0.262000   1.995183
 -0.043337  -0.905363   1.995183
  0.578767   1.468020   1.551569
 -0.012949   1.173381   1.551569
 -0.458272   0.684885   1.551569
 -0.697058   0.068507   1.551569
 -0.697058  -0.592507   1.551569
 -0.458272  -1.208885   1.551569
 -0.012949  -1.697381   1.551569
 -0.201511   1.489460   0.981688
 -0.987965  -0.930998   0.981688
 -0.680460  -1.534510   0.981688
 -0.201511  -2.013460   0.981688
  0.402002  -2.320965   0.981688
  1.071000  -2.426924   0.981688
  1.739998  -2.320965   0.981688
  2.343510  -2.013460   0.981688
  2.822460  -1.534510   0.981688
  3.129965  -0.930998   0.981688
 -0.910804  -1.535628   0.331709
 -0.471705  -2.042376   0.331709
  0.092376  -2.404888   0.331709
  0.735738  -2.593797   0.331709
  1.406262  -2.593797   0.331709
  2.049624  -2.404888   0.331709
  2.613705  -2.042376   0.331709
  3.052804  -1.535628   0.331709
  3.331350  -0.925699   0.331709
 -0.910804  -1.535628  -0.345709
 -0.471705  -2.042376  -0.345709
  0.092376  -2.404888  -0.345709
  2.613705  -2.042376  -0.345709
  3.052804  -1.535628  -0.345709
 -0.987965  -0.930998  -0.995688
 -0.680460  -1.534510  -0.995688
 -0.201511  -2.013460  -0.995688
  2.822460  -1.534510  -0.995688
 -0.697058   0.068507  -1.565569
 -0.697058  -0.592507  -1.565569
 -0.458272  -1.208885  -1.565569
 -0.215725  -0.262000  -2.009183
 -0.043337  -0.905363  -2.009183
  1.917000   0.916000   1.957000
  2.587524   0.916000   1.860593
  3.031337   1.559363   1.579183
  3.031337   0.272637   1.579183
  3.203725   0.916000   1.579183
  3.594223   1.565760   1.135569
  3.246244   2.127766   1.135569
  3.246244  -0.295766   1.135569
  3.594223   0.266240   1.135569
  3.715684   0.916000   1.135569
  3.975965   1.584998   0.565688
  3.668460   2.188510   0.565688
  3.189511   2.667460   0.565688
  0.165540   2.188510   0.565688
  3.898804   2.189628  -0.084291
  3.459705   2.696376  -0.084291
  2.895624   3.058888  -0.084291
  0.374295   2.696376  -0.084291
 -0.064804   2.189628  -0.084291
  3.898804   2.189628  -0.761709
  3.459705   2.696376  -0.761709
  2.895624   3.058888  -0.761709
  2.252262   3.247797  -0.761709
  1.581738   3.247797  -0.761709
  3.975965   1.584998  -1.411688
  3.668460   2.188510  -1.411688
  3.189511  -0.835460  -1.411688
  2.718742  -0.694116  -1.981569
  3.246244  -0.295766  -1.981569
  3.594223   0.266240  -1.981569
  3.715684   0.916000  -1.981569
  1.334872   3.323936  -1.057412
  0.689029   3.160386  -1.057412
  0.131285   2.795994  -1.057412
 -0.277921   2.270245  -1.057412
 -0.494246   1.640115  -1.057412
  1.028475   3.381647  -1.715000
  0.438000   3.149902  -1.715000
 -0.057934   2.754408  -1.715000
 -0.415262   2.230305  -1.715000
 -0.602232   1.624162  -1.715000
 -0.602232   0.989838  -1.715000
  0.689029   3.160386  -2.372588
  0.131285   2.795994  -2.372588
 -0.277921   2.270245  -2.372588
 -0.494246   1.640115  -2.372588
 -0.494246   0.973886  -2.372588
 -0.277921   0.343755  -2.372588
  0.131285  -0.181994  -2.372588
  0.689029  -0.546386  -2.372588
  1.334872  -0.709936  -2.372588
  1.998825  -0.654919  -2.372588
  2.608940  -0.387298  -2.372588
  3.099101   0.063927  -2.372588
  3.416191   0.649858  -2.372588
  3.525848   1.307000  -2.372588
  0.843177   2.897540  -2.965807
  0.284653   2.524347  -2.965807
 -0.088540   1.965823  -2.965807
 -0.219588   1.307000  -2.965807
 -0.088540   0.648177  -2.965807
  0.284653   0.089653  -2.965807
  0.843177  -0.283540  -2.965807
  1.502000  -0.414588  -2.965807
  2.160823  -0.283540  -2.965807
  2.719347   0.089653  -2.965807
  3.092540   0.648177  -2.965807
  3.223588   1.307000  -2.965807
  0.876596   2.390231  -3.436588
  0.418769   1.932404  -3.436588
  0.251193   1.307000  -3.436588
  0.418769   0.681597  -3.436588
  0.876596   0.223769  -3.436588
  1.502000   0.056193  -3.436588
  2.127403   0.223769  -3.436588
  2.585231   0.681597  -3.436588
  2.752807   1.307000  -3.436588
  1.830794   1.876488  -3.738848
  1.173206   1.876488  -3.738848
  0.844412   1.307000  -3.738848
  1.173206   0.737512  -3.738848
  1.830794   0.737512  -3.738848
  2.159588   1.307000  -3.738848
  1.502000   1.307000  -3.843000
 -0.767935   0.912785   1.188939
 -1.129820   0.349681   1.188939
 -1.129820  -0.319681   1.188939
 -0.957730   1.228494   0.643908
 -1.388410   0.688439   0.643908
 -1.542118   0.015000   0.643908
 -1.388410  -0.658439   0.643908
 -0.632908   1.567118   0.001000
 -1.177939   1.202939   0.001000
 -1.542118   0.657908   0.001000
 -1.670000   0.015000   0.001000
 -1.542118  -0.627908   0.001000
 -1.177939  -1.172939   0.001000
 -0.957730   1.228494  -0.641908
 -1.388410   0.688439  -0.641908
 -1.542118   0.015000  -0.641908
 -1.388410  -0.658439  -0.641908
 -0.767935   0.912785  -1.186939
 -1.129820   0.349681  -1.186939
 -1.129820  -0.319681  -1.186939
  1.545379  -2.603203  -0.071092
  0.012061  -2.277939  -0.714000
  0.557092  -2.642118  -0.714000
  1.200000  -2.770000  -0.714000
  1.842908  -2.642118  -0.714000
  2.387939  -2.277939  -0.714000
 -0.198410  -1.763439  -1.356908
  0.232271  -2.303494  -1.356908
  0.854621  -2.603203  -1.356908
  1.545379  -2.603203  -1.356908
  2.167730  -2.303494  -1.356908
  2.598410  -1.763439  -1.356908
  0.060181  -1.424681  -1.901939
  0.422065  -1.987785  -1.901939
  1.030939  -2.265848  -1.901939
  1.693488  -2.170588  -1.901939
  2.199358  -1.732249  -1.901939
  2.387939  -1.090000  -1.901939
  0.557092  -1.090000  -2.266118
  0.878546  -1.646775  -2.266118
  1.521454  -1.646775  -2.266118
  1.842908  -1.090000  -2.266118
  1.200000  -1.090000  -2.394000
  1.350000  -0.610000   2.674000
  1.671454  -0.053225   2.546118
  1.028546  -0.053225   2.546118
  0.707092  -0.610000   2.546118
  1.028546  -1.166775   2.546118
  1.671454  -1.166775   2.546118
  1.992908  -0.610000   2.546118
  2.349358   0.032249   2.181939
  1.843488   0.470588   2.181939
  0.210181  -0.944681   2.181939
  0.572065  -1.507785   2.181939
  1.180939  -1.785848   2.181939
  1.843488  -1.690588   2.181939
  2.349358  -1.252249   2.181939
  2.537939  -0.610000   2.181939
  1.004621  -2.123203   1.636908
  1.695379  -2.123203   1.636908
  2.317730  -1.823494   1.636908
  2.748410  -1.283439   1.636908
  2.902118  -0.610000   1.636908
  3.983358   1.275249   0.775939
  3.477488  -0.447588   0.775939
  3.983358  -0.009249   0.775939
  4.171939   0.633000   0.775939
  4.382410   1.306439   0.230908
  3.951729  -0.580494   0.230908
  4.382410  -0.040439   0.230908
  4.536118   0.633000   0.230908
  4.536118   1.275908  -0.412000
  4.171939   1.820939  -0.412000
  3.626908  -0.919118  -0.412000
  4.171939  -0.554939  -0.412000
  4.536118  -0.009908  -0.412000
  4.664000   0.633000  -0.412000
  4.382410   1.306439  -1.054908
  3.951729  -0.580494  -1.054908
  4.382410  -0.040439  -1.054908
  4.536118   0.633000  -1.054908
  3.983358   1.275249  -1.599939
  3.477488  -0.447588  -1.599939
  3.983358  -0.009249  -1.599939
  4.171939   0.633000  -1.599939
  1.794000   1.740000   1.983000
  2.115454   2.296775   1.855118
  1.472546   2.296775   1.855118
  1.151092   1.740000   1.855118
  2.436908   1.740000   1.855118
  2.793358   2.382249   1.490939
  2.287488   2.820588   1.490939
  1.624939   2.915848   1.490939
  1.016065   2.637785   1.490939
  0.654181   2.074681   1.490939
  3.192410   2.413439   0.945908
  2.761730   2.953494   0.945908
  2.139379   3.253203   0.945908
  1.448621   3.253203   0.945908
  0.826271   2.953494   0.945908
  0.395590   2.413439   0.945908
  2.981939   2.927939   0.303000
  2.436908   3.292118   0.303000
  1.794000   3.420000   0.303000
  1.151092   3.292118   0.303000
  0.606061   2.927939   0.303000
  1.448621   3.253203  -0.339908
  3.437410   2.731439  -1.341092
  3.006730   3.271495  -1.341092
  2.384379   3.571203  -1.341092
  1.693621   3.571203  -1.341092
  3.591118   2.700908  -1.984000
  3.226939   3.245939  -1.984000
  2.681908   3.610118  -1.984000
  2.039000   3.738000  -1.984000
  1.396092   3.610118  -1.984000
  3.719000   2.058000  -1.984000
  3.437410   2.731439  -2.626908
  3.006730   3.271495  -2.626908
  2.384379   3.571203  -2.626908
  1.693621   3.571203  -2.626908
  1.071271   3.271495  -2.626908
  3.437410   1.384561  -2.626908
  3.591118   2.058000  -2.626908
  3.038358   2.700249  -3.171939
  2.532488   3.138588  -3.171939
  1.869939   3.233848  -3.171939
  1.261065   2.955785  -3.171939
  3.226939   2.058000  -3.171939
  2.360454   2.614775  -3.536118
  1.717546   2.614775  -3.536118
  2.681908   2.058000  -3.536118
  2.039000   2.058000  -3.664000
  0.745531   0.301729   2.633962
  1.703023   0.832697   2.401440
  1.071000   1.002047   2.401440
  0.438976   0.832697   2.401440
 -0.023697   0.370024   2.401440
 -0.193047  -0.262000   2.401440
 -0.023697  -0.894024   2.401440
  0.577396   1.472839   2.028949
 -0.015968   1.177379   2.028949
 -0.462531   0.687522   2.028949
 -0.701982   0.069428   2.028949
 -0.701982  -0.593428   2.028949
 -0.462531  -1.211522   2.028949
 -0.015968  -1.701379   2.028949
 -0.048258   1.676612   1.538136
 -0.569948   1.260578   1.538136
 -0.945833   0.709256   1.538136
 -1.142514   0.071634   1.538136
 -1.142514  -0.595634   1.538136
 -0.945833  -1.233256   1.538136
 -0.569948  -1.784578   1.538136
 -0.048258  -2.200612   1.538136
  0.572883  -2.444392   1.538136
  1.238284  -2.494257   1.538136
  3.210065  -0.921814   1.538136
 -0.200622   1.940514   0.957525
 -0.727345   1.536345   0.957525
 -1.385585  -0.920240   0.957525
 -1.131514  -1.533622   0.957525
 -0.727345  -2.060345   0.957525
 -0.200622  -2.464514   0.957525
  0.412760  -2.718585   0.957525
  1.071000  -2.805244   0.957525
  1.729240  -2.718585   0.957525
  2.342622  -2.464514   0.957525
  2.869345  -2.060345   0.957525
  3.273514  -1.533622   0.957525
  3.527585  -0.920240   0.957525
 -0.650152   1.818515   0.320860
 -1.439553  -1.255998   0.320860
 -1.113482  -1.849119   0.320860
 -0.650152  -2.342515   0.320860
 -0.078676  -2.705185   0.320860
  0.565039  -2.914341   0.320860
  1.240545  -2.956840   0.320860
  1.905398  -2.830012   0.320860
  2.517822  -2.541827   0.320860
  3.039338  -2.110392   0.320860
  3.437175  -1.562816   0.320860
 -0.650152   1.818515  -0.334860
 -1.439553  -1.255998  -0.334860
 -1.113482  -1.849119  -0.334860
 -0.650152  -2.342515  -0.334860
 -0.078676  -2.705185  -0.334860
  0.565039  -2.914341  -0.334860
  2.517822  -2.541827  -0.334860
  3.039338  -2.110392  -0.334860
  3.437175  -1.562816  -0.334860
 -1.385585  -0.920240  -0.971525
 -1.131514  -1.533622  -0.971525
 -0.727345  -2.060345  -0.971525
 -0.200622  -2.464514  -0.971525
  2.869345  -2.060345  -0.971525
  3.273514  -1.533622  -0.971525
 -0.945833   0.709256  -1.552136
 -1.142514   0.071634  -1.552136
 -1.142514  -0.595634  -1.552136
 -0.945833  -1.233256  -1.552136
 -0.569948  -1.784578  -1.552136
  2.920549  -1.523001  -1.552136
 -0.701982   0.069428  -2.042949
 -0.701982  -0.593428  -2.042949
 -0.462531  -1.211522  -2.042949
 -0.023697  -0.894024  -2.415440
  0.745531  -0.825729  -2.647962
  1.917000   0.916000   2.297000
  2.242469   1.479729   2.217962
  1.591531   1.479729   2.217962
  2.567939   0.916000   2.217962
  3.011697   1.548024   1.985440
  3.011697   0.283976   1.985440
  3.181047   0.916000   1.985440
  3.598894   1.567569   1.612949
  3.249946   2.131141   1.612949
  0.383469   1.865522   1.612949
  3.598894   0.264431   1.612949
  3.720694   0.916000   1.612949
  4.056065   1.575814   1.122136
  3.766549   2.177001   1.122136
  3.312692   2.666142   1.122136
  3.766549  -0.345001   1.122136
  4.155516   0.916000   1.122136
  4.373585   1.574240   0.541525
  4.119514   2.187622   0.541525
  3.715345   2.714345   0.541525
  3.188622   3.118514   0.541525
  0.118655   2.714345   0.541525
 -0.285514   2.187622   0.541525
  3.715345  -0.882345   0.541525
  4.283175   2.216816  -0.095140
  3.885338   2.764392  -0.095140
  3.363822   3.195827  -0.095140
  2.751398   3.484013  -0.095140
  2.086545   3.610840  -0.095140
  0.767324   3.359185  -0.095140
  0.195848   2.996515  -0.095140
 -0.267482   2.503119  -0.095140
 -0.593553   1.909998  -0.095140
  4.283175   2.216816  -0.750860
  3.885338   2.764392  -0.750860
  3.363822   3.195827  -0.750860
  2.751398   3.484013  -0.750860
  2.086545   3.610840  -0.750860
  1.411039   3.568341  -0.750860
  4.373585   1.574240  -1.387525
  4.119514   2.187622  -1.387525
  3.188622  -1.286514  -1.387525
  3.715345  -0.882345  -1.387525
  4.056065   1.575814  -1.968136
  2.734822  -1.167776  -1.968136
  3.312692  -0.834142  -1.968136
  3.766549  -0.345001  -1.968136
  4.056065   0.256186  -1.968136
  4.155516   0.916000  -1.968136
  2.720975  -0.698600  -2.458949
  3.249946  -0.299141  -2.458949
  3.598894   0.264431  -2.458949
  1.341690   3.650655  -1.085552
  0.715324   3.520495  -1.085552
  0.147302   3.226170  -1.085552
 -0.320248   2.789509  -1.085552
 -0.652650   2.242897  -1.085552
 -0.825252   1.626873  -1.085552
  0.872552   3.656132  -1.715000
  0.286000   3.413174  -1.715000
 -0.217684   3.026684  -1.715000
 -0.604174   2.523000  -1.715000
 -0.847132   1.936448  -1.715000
 -0.930000   1.307000  -1.715000
 -0.847132   0.677552  -1.715000
  0.715324   3.520495  -2.344448
  0.147302   3.226170  -2.344448
 -0.320248   2.789509  -2.344448
 -0.652650   2.242897  -2.344448
 -0.825252   1.626873  -2.344448
 -0.825252   0.987127  -2.344448
 -0.652650   0.371103  -2.344448
 -0.320248  -0.175509  -2.344448
  3.851132   1.307000  -2.344448
  0.851156   3.310090  -2.931000
  0.264022   3.010930  -2.931000
 -0.201930   2.544978  -2.931000
 -0.501090   1.957844  -2.931000
 -0.604174   1.307000  -2.931000
 -0.501090   0.656157  -2.931000
 -0.201930   0.069022  -2.931000
  0.264022  -0.396930  -2.931000
  0.851156  -0.696090  -2.931000
  1.502000  -0.799174  -2.931000
  2.152843  -0.696090  -2.931000
  2.739978  -0.396930  -2.931000
  3.205930   0.069022  -2.931000
  3.505090   0.656157  -2.931000
  3.608174   1.307000  -2.931000
  0.843906   2.895781  -3.434684
  0.286000   2.523000  -3.434684
 -0.086781   1.965094  -3.434684
 -0.217684   1.307000  -3.434684
 -0.086781   0.648906  -3.434684
  0.286000   0.091000  -3.434684
  0.843906  -0.281781  -3.434684
  1.502000  -0.412684  -3.434684
  2.160094  -0.281781  -3.434684
  2.718000   0.091000  -3.434684
  3.090781   0.648906  -3.434684
  3.221684   1.307000  -3.434684
  1.328945   2.510623  -3.821174
  0.705689   2.225992  -3.821174
  0.335257   1.649587  -3.821174
  0.335257   0.964413  -3.821174
  0.705689   0.388009  -3.821174
  1.328945   0.103377  -3.821174
  2.007145   0.200888  -3.821174
  2.524964   0.649581  -3.821174
  2.718000   1.307000  -3.821174
  1.816724   1.852118  -4.064132
  1.187276   1.852118  -4.064132
  0.872552   1.307000  -4.064132
  1.187276   0.761882  -4.064132
  1.816724   0.761882  -4.064132
  2.131448   1.307000  -4.064132
  1.502000   1.307000  -4.147000
 -1.058807   0.632076   1.471805
 -1.224152   0.015000   1.471805
 -1.165755   1.190755   0.961000
 -1.526198   0.651314   0.961000
 -1.652769   0.015000   0.961000
 -1.526198  -0.621314   0.961000
 -0.935415   1.652508   0.334405
 -1.438460   1.230403   0.334405
 -1.766800   0.661702   0.334405
 -1.880831   0.015000   0.334405
 -1.766800  -0.631702   0.334405
 -0.935415   1.652508  -0.332405
 -1.438460   1.230403  -0.332405
 -1.766800   0.661702  -0.332405
 -1.880831   0.015000  -0.332405
 -1.766800  -0.631702  -0.332405
 -1.165755   1.190755  -0.959000
 -1.526198   0.651314  -0.959000
 -1.652769   0.015000  -0.959000
 -1.526198  -0.621314  -0.959000
 -1.058807   0.632076  -1.469805
 -1.224152   0.015000  -1.469805
  0.871661  -2.952105  -0.380595
  1.528339  -2.952105  -0.380595
  0.254585  -2.727508  -1.047404
  0.871661  -2.952105  -1.047404
  1.528339  -2.952105  -1.047404
  2.145415  -2.727508  -1.047404
  2.648461  -2.305403  -1.047404
  0.024245  -2.265755  -1.674000
  0.563686  -2.626198  -1.674000
  1.200000  -2.752769  -1.674000
  1.836314  -2.626198  -1.674000
  2.375755  -2.265755  -1.674000
  2.736198  -1.726314  -1.674000
  0.131193  -1.707076  -2.184805
  0.582924  -2.158807  -2.184805
  1.200000  -2.324152  -2.184805
  1.817076  -2.158807  -2.184805
  2.268807  -1.707076  -2.184805
  0.871661  -1.658700  -2.518210
  1.528339  -1.658700  -2.518210
  1.856679  -1.090000  -2.518210
  1.200000  -1.090000  -2.634000
  1.350000  -0.610000   2.914000
  1.678339  -0.041300   2.798210
  1.021661  -0.041300   2.798210
  0.693321  -0.610000   2.798210
  1.021661  -1.178700   2.798210
  1.678339  -1.178700   2.798210
  2.006679  -0.610000   2.798210
  2.418807   0.007076   2.464805
  1.967076   0.458807   2.464805
  0.281193  -1.227076   2.464805
  0.732924  -1.678807   2.464805
  1.350000  -1.844152   2.464805
  1.967076  -1.678807   2.464805
  2.418807  -1.227076   2.464805
  2.584152  -0.610000   2.464805
  0.713686  -2.146198   1.954000
  1.350000  -2.272769   1.954000
  1.986314  -2.146198   1.954000
  2.525755  -1.785755   1.954000
  2.886198  -1.246314   1.954000
  3.012769  -0.610000   1.954000
  4.052807   0.015924   1.058805
  4.218152   0.633000   1.058805
  4.520198   1.269314   0.548000
  4.159755  -0.542755   0.548000
  4.520198  -0.003314   0.548000
  4.646769   0.633000   0.548000
  4.760800   1.279702  -0.078595
  3.929415  -1.004508  -0.078595
  4.432460  -0.582403  -0.078595
  4.760800  -0.013702  -0.078595
  4.874831   0.633000  -0.078595
  4.760800   1.279702  -0.745405
  3.929415  -1.004508  -0.745405
  4.432460  -0.582403  -0.745405
  4.760800  -0.013702  -0.745405
  4.874831   0.633000  -0.745405
  4.520198   1.269314  -1.372000
  4.159755  -0.542755  -1.372000
  4.520198  -0.003314  -1.372000
  4.646769   0.633000  -1.372000
  4.052807   0.015924  -1.882805
  4.218152   0.633000  -1.882805
  1.794000   1.740000   2.223000
  2.122339   2.308700   2.107210
  1.465661   2.308700   2.107210
  1.137321   1.740000   2.107210
  2.862807   2.357076   1.773805
  2.411076   2.808807   1.773805
  1.794000   2.974152   1.773805
  1.176924   2.808807   1.773805
  0.725193   2.357076   1.773805
  2.969755   2.915755   1.263000
  2.430314   3.276198   1.263000
  1.794000   3.402769   1.263000
  1.157686   3.276198   1.263000
  0.618245   2.915755   1.263000
  0.257802   2.376314   1.263000
  2.739415   3.377508   0.636405
  2.122339   3.602105   0.636405
  1.465661   3.602105   0.636405
  0.848585   3.377508   0.636405
  0.345540   2.955403   0.636405
  2.122339   3.602105  -0.030404
  1.465661   3.602105  -0.030404
  3.214755   3.233755  -1.024000
  2.675314   3.594198  -1.024000
  2.039000   3.720769  -1.024000
  3.815800   2.704702  -1.650595
  3.487461   3.273403  -1.650595
  2.984415   3.695508  -1.650595
  2.367339   3.920105  -1.650595
  1.710661   3.920105  -1.650595
  3.815800   2.704702  -2.317404
  3.487461   3.273403  -2.317404
  2.984415   3.695508  -2.317404
  2.367339   3.920105  -2.317404
  1.710661   3.920105  -2.317404
  1.093585   3.695508  -2.317404
  3.929831   2.058000  -2.317404
  3.575198   2.694314  -2.944000
  3.214755   3.233755  -2.944000
  2.675314   3.594198  -2.944000
  2.039000   3.720769  -2.944000
  1.402686   3.594198  -2.944000
  3.701769   2.058000  -2.944000
  3.107807   2.675076  -3.454805
  2.656076   3.126807  -3.454805
  2.039000   3.292152  -3.454805
  1.421924   3.126807  -3.454805
  3.273152   2.058000  -3.454805
  2.367339   2.626701  -3.788210
  1.710661   2.626701  -3.788210
  2.695679   2.058000  -3.788210
  1.389105   0.288974   2.986132
  0.752895   0.288974   2.986132
  0.434790  -0.262000   2.986132
  2.148867   0.360307   2.788449
  1.693307   0.815867   2.788449
  1.071000   0.982614   2.788449
  0.448693   0.815867   2.788449
 -0.006867   0.360307   2.788449
 -0.173614  -0.262000   2.788449
 -0.006867  -0.884307   2.788449
  0.578783   1.467962   2.468592
 -0.012912   1.173332   2.468592
 -0.458220   0.684853   2.468592
 -0.696998   0.068496   2.468592
 -0.696998  -0.592496   2.468592
 -0.458220  -1.208853   2.468592
 -0.012912  -1.697332   2.468592
  0.578783  -1.991962   2.468592
  0.126337   1.806524   2.040540
 -0.418168   1.456592   2.040540
 -0.842030   0.967430   2.040540
 -1.110909   0.378666   2.040540
 -1.203023  -0.262000   2.040540
 -1.110909  -0.902666   2.040540
 -0.842030  -1.491430   2.040540
 -0.418168  -1.980592   2.040540
  0.126337  -2.330524   2.040540
  0.747373  -2.512877   2.040540
  1.394627  -2.512877   2.040540
  3.252909  -0.902666   2.040540
  3.345023  -0.262000   2.040540
 -0.618198   1.779889   1.523000
 -1.072926   1.295653   1.523000
 -1.392943   0.713544   1.523000
 -1.558141   0.070138   1.523000
 -1.558141  -0.594138   1.523000
 -1.392943  -1.237544   1.523000
 -1.072926  -1.819653   1.523000
 -0.618198  -2.303889   1.523000
 -0.057331  -2.659826   1.523000
  0.574432  -2.865098   1.523000
  1.237397  -2.906808   1.523000
  1.889907  -2.782336   1.523000
  2.490961  -2.499501   1.523000
  3.002794  -2.076076   1.523000
  3.393246  -1.538665   1.523000
  3.637782  -0.921038   1.523000
 -0.743501   2.013312   0.938592
 -1.204312   1.552501   0.938592
 -1.766267  -0.909588   0.938592
 -1.551029  -1.524703   0.938592
 -1.204312  -2.076501   0.938592
 -0.743501  -2.537312   0.938592
 -0.191703  -2.884029   0.938592
  0.423412  -3.099267   0.938592
  1.071000  -3.172233   0.938592
  1.718588  -3.099267   0.938592
  2.333703  -2.884029   0.938592
  2.885501  -2.537312   0.938592
  3.346312  -2.076501   0.938592
  3.693029  -1.524703   0.938592
 -1.138376   1.830832   0.312857
 -1.812933  -1.233710   0.312857
 -1.536619  -1.830953   0.312857
 -1.138376  -2.354832   0.312857
 -0.636825  -2.780854   0.312857
 -0.055418  -3.089096   0.312857
  0.578659  -3.265147   0.312857
  1.235758  -3.300774   0.312857
  1.885152  -3.194311   0.312857
  2.496478  -2.950737   0.312857
  3.041150  -2.581440   0.312857
  3.493700  -2.103689   0.312857
  3.832967  -1.539822   0.312857
 -1.138376   1.830832  -0.326857
 -1.812933  -1.233710  -0.326857
 -1.536619  -1.830953  -0.326857
 -1.138376  -2.354832  -0.326857
 -0.636825  -2.780854  -0.326857
 -0.055418  -3.089096  -0.326857
  0.578659  -3.265147  -0.326857
  1.235758  -3.300774  -0.326857
  1.885152  -3.194311  -0.326857
  2.496478  -2.950737  -0.326857
  3.041150  -2.581440  -0.326857
  3.493700  -2.103689  -0.326857
  3.832967  -1.539822  -0.326857
 -1.204312   1.552501  -0.952592
 -1.766267  -0.909588  -0.952592
 -1.551029  -1.524703  -0.952592
 -1.204312  -2.076501  -0.952592
 -0.743501  -2.537312  -0.952592
 -0.191703  -2.884029  -0.952592
  0.423412  -3.099267  -0.952592
  2.885501  -2.537312  -0.952592
  3.346312  -2.076501  -0.952592
  3.693029  -1.524703  -0.952592
 -1.392943   0.713544  -1.537000
 -1.558141   0.070138  -1.537000
 -1.558141  -0.594138  -1.537000
 -1.392943  -1.237544  -1.537000
 -1.072926  -1.819653  -1.537000
 -0.618198  -2.303889  -1.537000
 -0.057331  -2.659826  -1.537000
  3.002794  -2.076076  -1.537000
  3.393246  -1.538665  -1.537000
 -1.110909   0.378666  -2.054540
 -1.203023  -0.262000  -2.054540
 -1.110909  -0.902666  -2.054540
 -0.842030  -1.491430  -2.054540
 -0.418168  -1.980592  -2.054540
  2.984030  -1.491430  -2.054540
 -0.696998  -0.592496  -2.482592
 -0.458220  -1.208853  -2.482592
 -0.012912  -1.697332  -2.482592
  2.400198  -1.473724  -2.482592
 -0.006867  -0.884307  -2.802449
  0.448693  -1.339867  -2.802449
  1.693307  -1.339867  -2.802449
  2.235105   1.466974   2.570132
  1.598895   1.466974   2.570132
  2.553210   0.916000   2.570132
  2.994868   1.538307   2.372449
  2.539307   1.993867   2.372449
  2.994868   0.293693   2.372449
  3.161614   0.916000   2.372449
  3.594166   1.565738   2.052592
  3.246198   2.127724   2.052592
  3.594166   0.266262   2.052592
  3.715623   0.916000   2.052592
  4.098909   1.556666   1.624540
  3.830030   2.145430   1.624540
  3.406169   2.634592   1.624540
  0.003970   2.145430   1.624540
  3.830030  -0.313430   1.624540
  4.098909   0.275334   1.624540
  4.191023   0.916000   1.624540
  4.483782   1.575038   1.107000
  4.239246   2.192665   1.107000
  3.848794   2.730076   1.107000
  3.336961   3.153501   1.107000
 -0.226926   2.473653   1.107000
  4.239246  -0.360665   1.107000
  4.483782   0.256962   1.107000
  4.567038   0.916000   1.107000
  4.754267   1.563588   0.522592
  4.539029   2.178703   0.522592
  4.192312   2.730501   0.522592
  3.731501   3.191312   0.522592
  3.179703   3.538029   0.522592
  2.564588   3.753267   0.522592
  0.102499   3.191312   0.522592
 -0.358312   2.730501   0.522592
 -0.705029   2.178703   0.522592
  4.192312  -0.898501   0.522592
  4.678967   2.193822  -0.103143
  4.339700   2.757689  -0.103143
  3.887150   3.235440  -0.103143
  3.342478   3.604737  -0.103143
  2.731152   3.848311  -0.103143
  2.081758   3.954774  -0.103143
  1.424659   3.919147  -0.103143
  0.790582   3.743096  -0.103143
  0.209175   3.434854  -0.103143
 -0.292376   3.008832  -0.103143
 -0.690619   2.484953  -0.103143
  4.678967   2.193822  -0.742857
  4.339700   2.757689  -0.742857
  3.887150   3.235440  -0.742857
  3.342478   3.604737  -0.742857
  2.731152   3.848311  -0.742857
  2.081758   3.954774  -0.742857
  1.424659   3.919147  -0.742857
  3.887150  -1.403440  -0.742857
  4.754267   1.563588  -1.368592
  4.539029   2.178703  -1.368592
  4.192312   2.730501  -1.368592
  3.731501  -1.359312  -1.368592
  4.192312  -0.898501  -1.368592
  4.483782   1.575038  -1.953000
  4.239246   2.192665  -1.953000
  3.336961  -1.321501  -1.953000
  3.848794  -0.898076  -1.953000
  4.239246  -0.360665  -1.953000
  4.483782   0.256962  -1.953000
  4.567038   0.916000  -1.953000
  2.861663  -1.152524  -2.470540
  3.406169  -0.802592  -2.470540
  3.830030  -0.313430  -2.470540
  4.098909   0.275334  -2.470540
  4.191023   0.916000  -2.470540
  0.412770   3.621733  -0.744801
 -0.128661   3.278130  -0.744801
 -0.567631   2.810675  -0.744801
 -0.876558   2.248738  -0.744801
  1.174616   4.003248  -1.385212
  0.538875   3.846552  -1.385212
 -0.040893   3.542267  -1.385212
 -0.530994   3.108075  -1.385212
 -0.902944   2.569212  -1.385212
 -1.135128   1.956994  -1.385212
 -1.214052   1.307000  -1.385212
  0.538875   3.846552  -2.044788
 -0.040893   3.542267  -2.044788
 -0.530994   3.108075  -2.044788
 -0.902944   2.569212  -2.044788
 -1.135128   1.956994  -2.044788
 -1.214052   1.307000  -2.044788
 -1.135128   0.657006  -2.044788
  0.412770   3.621733  -2.685199
 -0.128661   3.278130  -2.685199
 -0.567631   2.810675  -2.685199
 -0.876558   2.248738  -2.685199
 -1.036032   1.627628  -2.685199
 -1.036032   0.986372  -2.685199
 -0.876558   0.365262  -2.685199
 -0.567631  -0.196675  -2.685199
  2.292529  -1.125997  -2.685199
  3.979834   0.670800  -2.685199
  4.060204   1.307000  -2.685199
  0.566617   3.355204  -3.269225
  0.027461   3.008709  -3.269225
 -0.392237   2.524352  -3.269225
 -0.658475   1.941373  -3.269225
 -0.749684   1.307000  -3.269225
 -0.658475   0.672627  -3.269225
 -0.392237   0.089648  -3.269225
  0.027461  -0.394709  -3.269225
  0.566617  -0.741204  -3.269225
  1.181552  -0.921765  -3.269225
  1.822448  -0.921765  -3.269225
  2.437383  -0.741204  -3.269225
  2.976539  -0.394709  -3.269225
  3.396237   0.089648  -3.269225
  3.662475   0.672627  -3.269225
  3.753684   1.307000  -3.269225
  1.005492   3.052044  -3.762925
  0.408638   2.754846  -3.762925
 -0.040552   2.262108  -3.762925
 -0.281412   1.640377  -3.762925
 -0.281412   0.973623  -3.762925
 -0.040552   0.351892  -3.762925
  0.408638  -0.140845  -3.762925
  1.005492  -0.438044  -3.762925
  1.669403  -0.499564  -3.762925
  2.310705  -0.317098  -3.762925
  2.842787   0.084712  -3.762925
  3.193788   0.651598  -3.762925
  3.316304   1.307000  -3.762925
  2.603136   1.942741  -4.137608
  2.137741   2.408136  -4.137608
  1.502000   2.578483  -4.137608
  0.866259   2.408136  -4.137608
  0.400864   1.942741  -4.137608
  0.230517   1.307000  -4.137608
  0.400864   0.671259  -4.137608
  0.866259   0.205864  -4.137608
  1.502000   0.035517  -4.137608
  2.137741   0.205864  -4.137608
  2.603136   0.671259  -4.137608
  2.773483   1.307000  -4.137608
  1.829384   1.874045  -4.371497
  1.174616   1.874045  -4.371497
  0.847232   1.307000  -4.371497
  1.174616   0.739955  -4.371497
  1.829384   0.739955  -4.371497
  2.156768   1.307000  -4.371497
  1.502000   1.307000  -4.451000
 -1.604458   0.683730   1.270616
 -1.737477   0.015000   1.270616
 -1.381327   1.526384   0.668477
 -1.796687   0.992730   0.668477
 -2.016264   0.353124   0.668477
 -2.016264  -0.323124   0.668477
 -1.573392   1.484173   0.001000
 -1.936093   0.952189   0.001000
 -2.125875   0.336931   0.001000
 -2.125875  -0.306931   0.001000
 -1.936093  -0.922189   0.001000
 -1.381327   1.526384  -0.666477
 -1.796687   0.992730  -0.666477
 -2.016264   0.353124  -0.666477
 -2.016264  -0.323124  -0.666477
 -1.604458   0.683730  -1.268616
 -1.737477   0.015000  -1.268616
  1.361417  -3.243960  -0.714000
  1.989137  -3.100687  -0.714000
  0.374804  -2.971257  -1.381477
  1.030359  -3.137266  -1.381477
  1.704296  -3.081422  -1.381477
  2.323586  -2.809776  -1.381477
 -0.035653  -2.325653  -1.983616
  0.531270  -2.704458  -1.983616
  1.200000  -2.837477  -1.983616
  1.868730  -2.704458  -1.983616
  2.435653  -2.325653  -1.983616
  0.565192  -2.189520  -2.461477
  1.200000  -2.359616  -2.461477
  1.834808  -2.189520  -2.461477
  2.299520  -1.724808  -2.461477
  0.866262  -1.668052  -2.768282
  1.533738  -1.668052  -2.768282
  1.350000  -0.610000   3.154000
  1.683738  -0.031948   3.048282
  1.016262  -0.031948   3.048282
  0.682523  -0.610000   3.048282
  1.016262  -1.188052   3.048282
  1.683738  -1.188052   3.048282
  2.017477  -0.610000   3.048282
  2.449520   0.024808   2.741477
  0.715192  -1.709520   2.741477
  1.350000  -1.879616   2.741477
  1.984808  -1.709520   2.741477
  2.449520  -1.244808   2.741477
  2.619616  -0.610000   2.741477
  1.350000  -2.357477   2.263616
  2.018730  -2.224458   2.263616
  2.585653  -1.845653   2.263616
  2.964458  -1.278730   2.263616
  3.097477  -0.610000   2.263616
  4.598458  -0.035730   0.857616
  4.731477   0.633000   0.857616
  4.926975   1.300024   0.255477
  4.605117  -0.628766   0.255477
  4.926975  -0.034024   0.255477
  5.038282   0.633000   0.255477
  5.048037   1.269671  -0.412000
  4.330738  -1.055756  -0.412000
  4.768676  -0.583771  -0.412000
  5.048037  -0.003671  -0.412000
  5.144000   0.633000  -0.412000
  4.926975   1.300024  -1.079477
  4.605117  -0.628766  -1.079477
  4.926975  -0.034024  -1.079477
  5.038282   0.633000  -1.079477
  4.598458  -0.035730  -1.681616
  4.731477   0.633000  -1.681616
  2.127738   2.318052   2.357282
  1.460262   2.318052   2.357282
  2.428808   2.839520   2.050477
  1.794000   3.009616   2.050477
  1.159192   2.839520   2.050477
  0.694480   2.374808   2.050477
  3.029653   2.975653   1.572616
  2.462730   3.354458   1.572616
  1.794000   3.487477   1.572616
  1.125270   3.354458   1.572616
  0.558347   2.975653   1.572616
  2.917586   3.459776   0.970477
  2.298296   3.731422   0.970477
  1.624359   3.787266   0.970477
  0.968804   3.621257   0.970477
  0.402673   3.251384   0.970477
  1.955417   3.893960   0.303000
  1.313355   3.845844   0.303000
  3.660117   3.319766  -1.316523
  3.162586   3.777776  -1.316523
  2.543296   4.049422  -1.316523
  1.869359   4.105266  -1.316523
  4.103037   2.694671  -1.984000
  3.823676   3.274771  -1.984000
  3.385738   3.746756  -1.984000
  2.828137   4.068687  -1.984000
  2.200417   4.211960  -1.984000
  1.558355   4.163844  -1.984000
  3.981975   2.725024  -2.651477
  3.660117   3.319766  -2.651477
  3.162586   3.777776  -2.651477
  2.543296   4.049422  -2.651477
  1.869359   4.105266  -2.651477
  1.213804   3.939257  -2.651477
  4.093282   2.058000  -2.651477
  3.653458   2.726730  -3.253616
  3.274653   3.293653  -3.253616
  2.707730   3.672458  -3.253616
  2.039000   3.805477  -3.253616
  1.370270   3.672458  -3.253616
  3.786477   2.058000  -3.253616
  3.138520   2.692808  -3.731477
  2.673808   3.157520  -3.731477
  2.039000   3.327616  -3.731477
  1.404192   3.157520  -3.731477
  3.308616   2.058000  -3.731477
  2.372738   2.636052  -4.038282
  1.071000  -0.262000   3.393000
  1.402654   0.312441   3.327670
  0.739346   0.312441   3.327670
  0.407693  -0.262000   3.327670
  0.739346  -0.836441   3.327670
  2.197806   0.388562   3.134190
  1.721562   0.864806   3.134190
  1.071000   1.039124   3.134190
  0.420438   0.864806   3.134190
 -0.055806   0.388562   3.134190
 -0.230124  -0.262000   3.134190
 -0.055806  -0.912562   3.134190
  0.420438  -1.388806   3.134190
  2.846022   0.384055   2.819997
  0.742989   1.598242   2.819997
  0.126531   1.373869   2.819997
 -0.376011   0.952186   2.819997
 -0.704022   0.384055   2.819997
 -0.817939  -0.262000   2.819997
 -0.704022  -0.908055   2.819997
 -0.376011  -1.476186   2.819997
  0.126531  -1.897869   2.819997
  0.742989  -2.122242   2.819997
  2.959939  -0.262000   2.819997
  0.265895   2.003349   2.397163
 -0.315434   1.702129   2.397163
 -0.793936   1.255238   2.397163
 -1.134126   0.695821   2.397163
 -1.310771   0.065367   2.397163
 -1.310771  -0.589367   2.397163
 -1.134126  -1.219821   2.397163
 -0.793936  -1.779238   2.397163
 -0.315434  -2.226129   2.397163
  0.265895  -2.527349   2.397163
  0.906934  -2.660558   2.397163
  1.560141  -2.615878   2.397163
  2.177071  -2.396621   2.397163
  2.711969  -2.019049   2.397163
  3.125164  -1.511165   2.397163
  3.386010  -0.910635   2.397163
  3.475163  -0.262000   2.397163
 -0.342498   2.186251   1.881939
 -0.869003   1.794283   1.881939
 -1.290921   1.291460   1.881939
 -1.585508   0.704890   1.881939
 -1.736882   0.066194   1.881939
 -1.736882  -0.590194   1.881939
 -1.585508  -1.228890   1.881939
 -1.290921  -1.815460   1.881939
 -0.869003  -2.318283   1.881939
 -0.342498  -2.710251   1.881939
  0.260208  -2.970233   1.881939
  0.906625  -3.084214   1.881939
  1.561903  -3.046048   1.881939
  2.190716  -2.857794   1.881939
  2.759165  -2.529600   1.881939
  3.236605  -2.079158   1.881939
  3.597296  -1.530754   1.881939
  3.821795  -0.913950   1.881939
 -1.030867   2.072359   1.294124
 -1.470276   1.584345   1.294124
 -1.798620   1.015637   1.294124
 -2.001548   0.391090   1.294124
 -2.070190  -0.262000   1.294124
 -2.001548  -0.915090   1.294124
 -1.798620  -1.539637   1.294124
 -1.470276  -2.108345   1.294124
 -1.030867  -2.596359   1.294124
 -0.499595  -2.982351   1.294124
  0.100319  -3.249450   1.294124
  0.742656  -3.385983   1.294124
  1.399344  -3.385983   1.294124
  2.041681  -3.249450   1.294124
  2.641595  -2.982351   1.294124
  3.172867  -2.596359   1.294124
  3.612276  -2.108345   1.294124
  3.940620  -1.539637   1.294124
 -1.286968   2.095968   0.656307
 -1.701677   1.590643   0.656307
 -2.199595  -0.912562   0.656307
 -2.009833  -1.538123   0.656307
 -1.701677  -2.114643   0.656307
 -1.286968  -2.619968   0.656307
 -0.781643  -3.034677   0.656307
 -0.205123  -3.342833   0.656307
  0.420438  -3.532595   0.656307
  1.071000  -3.596670   0.656307
  1.721562  -3.532595   0.656307
  2.347123  -3.342833   0.656307
  2.923643  -3.034677   0.656307
  3.428968  -2.619968   0.656307
  3.843677  -2.114643   0.656307
  4.151833  -1.538123   0.656307
 -1.601581   1.839741  -0.007000
 -2.191276  -1.219891  -0.007000
 -1.951041  -1.819970  -0.007000
 -1.601581  -2.363741  -0.007000
 -1.155527  -2.831549  -0.007000
 -0.629000  -3.206486  -0.007000
 -0.041031  -3.475003  -0.007000
  0.587130  -3.627393  -0.007000
  1.232778  -3.658149  -0.007000
  1.872580  -3.566159  -0.007000
  2.483411  -3.354749  -0.007000
  3.043193  -3.031558  -0.007000
  3.531696  -2.608269  -0.007000
  3.931262  -2.100179  -0.007000
 -1.286968   2.095968  -0.670307
 -1.701677   1.590643  -0.670307
 -2.199595  -0.912562  -0.670307
 -2.009833  -1.538123  -0.670307
 -1.701677  -2.114643  -0.670307
 -1.286968  -2.619968  -0.670307
 -0.781643  -3.034677  -0.670307
 -0.205123  -3.342833  -0.670307
  0.420438  -3.532595  -0.670307
  1.071000  -3.596670  -0.670307
  1.721562  -3.532595  -0.670307
  2.347123  -3.342833  -0.670307
  2.923643  -3.034677  -0.670307
  3.428968  -2.619968  -0.670307
  3.843677  -2.114643  -0.670307
 -1.798620   1.015637  -1.308124
 -2.001548   0.391090  -1.308124
 -2.070190  -0.262000  -1.308124
 -2.001548  -0.915090  -1.308124
 -1.798620  -1.539637  -1.308124
 -1.470276  -2.108345  -1.308124
 -1.030867  -2.596359  -1.308124
 -0.499595  -2.982351  -1.308124
  0.100319  -3.249450  -1.308124
  0.742656  -3.385983  -1.308124
  2.641595  -2.982351  -1.308124
  3.172867  -2.596359  -1.308124
  3.612276  -2.108345  -1.308124
 -1.585508   0.704890  -1.895939
 -1.736882   0.066194  -1.895939
 -1.736882  -0.590194  -1.895939
 -1.585508  -1.228890  -1.895939
 -1.290921  -1.815460  -1.895939
 -0.869003  -2.318283  -1.895939
 -0.342498  -2.710251  -1.895939
  0.260208  -2.970233  -1.895939
  2.759165  -2.529600  -1.895939
  3.236605  -2.079158  -1.895939
 -1.310771   0.065367  -2.411163
 -1.310771  -0.589367  -2.411163
 -1.134126  -1.219821  -2.411163
 -0.793936  -1.779238  -2.411163
 -0.315434  -2.226129  -2.411163
  0.265895  -2.527349  -2.411163
  2.711969  -2.019049  -2.411163
 -0.704022  -0.908055  -2.833997
 -0.376011  -1.476186  -2.833997
  0.126531  -1.897869  -2.833997
  0.742989  -2.122242  -2.833997
  2.015469  -1.897869  -2.833997
  2.518011  -1.476186  -2.833997
 -0.055806  -0.912562  -3.148190
  0.420438  -1.388806  -3.148190
  1.071000  -1.563124  -3.148190
  1.721562  -1.388806  -3.148190
  2.248654   1.490441   2.911670
  1.585347   1.490441   2.911670
  2.580307   0.916000   2.911670
  3.043806   1.566562   2.718190
  2.567562   2.042806   2.718190
  1.917000   2.217124   2.718190
  1.266438   2.042806   2.718190
  3.043806   0.265438   2.718190
  3.218124   0.916000   2.718190
  3.692022   1.562055   2.403997
  3.364011   2.130186   2.403997
  2.861469   2.551869   2.403997
  0.469989   2.130186   2.403997
  3.692022   0.269945   2.403997
  3.805939   0.916000   2.403997
  4.232010   1.564635   1.981163
  3.971164   2.165165   1.981163
  3.557969   2.673049   1.981163
  3.023071   3.050621   1.981163
  0.052064   2.433238   1.981163
  3.971164  -0.333165   1.981163
  4.232010   0.267365   1.981163
  4.321163   0.916000   1.981163
  4.667795   1.567950   1.465939
  4.443297   2.184754   1.465939
  4.082605   2.733158   1.465939
  3.605165   3.183600   1.465939
  3.036716   3.511794   1.465939
 -0.023003   2.972283   1.465939
 -0.444921   2.469460   1.465939
  4.082605  -0.901158   1.465939
  4.443297  -0.352754   1.465939
  4.667795   0.264050   1.465939
  4.743997   0.916000   1.465939
  4.989548   1.569090   0.878124
  4.786620   2.193637   0.878124
  4.458276   2.762345   0.878124
  4.018867   3.250359   0.878124
  3.487595   3.636351   0.878124
  2.887681   3.903450   0.878124
  2.245344   4.039983   0.878124
  0.346405   3.636351   0.878124
 -0.184867   3.250359   0.878124
 -0.624276   2.762345   0.878124
  4.458276  -0.930345   0.878124
  4.786620  -0.361637   0.878124
  4.989548   0.262910   0.878124
  5.058190   0.916000   0.878124
  5.187595   1.566562   0.240307
  4.997833   2.192123   0.240307
  4.689677   2.768643   0.240307
  4.274968   3.273968   0.240307
  3.769643   3.688677   0.240307
  3.193123   3.996833   0.240307
  2.567562   4.186595   0.240307
  1.917000   4.250670   0.240307
  1.266438   4.186595   0.240307
  0.640877   3.996833   0.240307
  0.064357   3.688677   0.240307
 -0.440968   3.273968   0.240307
 -0.855677   2.768643   0.240307
  4.274968  -1.441968   0.240307
  4.689677  -0.936643   0.240307
  5.255558   1.559454  -0.423000
  5.073451   2.179652  -0.423000
  4.777262   2.754179  -0.423000
  4.377696   3.262269  -0.423000
  3.889194   3.685558  -0.423000
  3.329411   4.008749  -0.423000
  2.718580   4.220159  -0.423000
  2.078779   4.312149  -0.423000
  1.433130   4.281393  -0.423000
  0.804969   4.129003  -0.423000
  0.217000   3.860486  -0.423000
 -0.309526   3.485549  -0.423000
 -0.755580   3.017741  -0.423000
 -1.105040   2.473970  -0.423000
  4.377696  -1.430269  -0.423000
  5.187595   1.566562  -1.086307
  4.997833   2.192123  -1.086307
  4.689677   2.768643  -1.086307
  4.274968   3.273968  -1.086307
  3.769643   3.688677  -1.086307
  3.193123   3.996833  -1.086307
  4.274968  -1.441968  -1.086307
  4.689677  -0.936643  -1.086307
  4.989548   1.569090  -1.724124
  4.786620   2.193637  -1.724124
  4.458276   2.762345  -1.724124
  4.018867  -1.418359  -1.724124
  4.458276  -0.930345  -1.724124
  4.786620  -0.361637  -1.724124
  4.989548   0.262910  -1.724124
  5.058190   0.916000  -1.724124
  4.667795   1.567950  -2.311939
  4.443297   2.184754  -2.311939
  3.605165  -1.351600  -2.311939
  4.082605  -0.901158  -2.311939
  4.443297  -0.352754  -2.311939
  4.667795   0.264050  -2.311939
  4.743997   0.916000  -2.311939
  3.023071  -1.218621  -2.827163
  3.557969  -0.841049  -2.827163
  3.971164  -0.333165  -2.827163
  4.232010   0.267365  -2.827163
  4.321163   0.916000  -2.827163
  0.247550   3.911892  -0.775588
 -0.300641   3.567440  -0.775588
 -0.758440   3.109641  -0.775588
 -1.102892   2.561450  -0.775588
  1.012877   4.290519  -1.397234
  0.382944   4.115619  -1.397234
 -0.194663   3.809391  -1.397234
 -0.692936   3.386154  -1.397234
 -1.088576   2.865698  -1.397234
 -1.363084   2.272359  -1.397234
 -1.503624   1.633881  -1.397234
  1.012877   4.290519  -2.032767
  0.382944   4.115619  -2.032767
 -0.194663   3.809391  -2.032767
 -0.692936   3.386154  -2.032767
 -1.088576   2.865698  -2.032767
 -1.363084   2.272359  -2.032767
 -1.503624   1.633881  -2.032767
 -1.503624   0.980119  -2.032767
  0.858645   4.125723  -2.654412
  0.247550   3.911892  -2.654412
 -0.300641   3.567440  -2.654412
 -0.758440   3.109641  -2.654412
 -1.102892   2.561450  -2.654412
 -1.316723   1.950355  -2.654412
 -1.389212   1.307000  -2.654412
 -1.316723   0.663645  -2.654412
 -1.102892   0.052550  -2.654412
  1.008678   3.893085  -3.235000
  0.381043   3.689154  -3.235000
 -0.176157   3.335544  -3.235000
 -0.627913   2.854472  -3.235000
 -0.945839   2.276168  -3.235000
 -1.109957   1.636967  -3.235000
 -1.109957   0.977033  -3.235000
 -0.945839   0.337832  -3.235000
 -0.627913  -0.240472  -3.235000
 -0.176157  -0.721543  -3.235000
  1.667310  -1.320522  -3.235000
  2.315554  -1.196863  -3.235000
  2.912680  -0.915877  -3.235000
  3.421168  -0.495219  -3.235000
  3.809068   0.038679  -3.235000
  4.052006   0.652270  -3.235000
  4.134717   1.307000  -3.235000
  3.669648   1.943479  -3.749157
  1.180488   3.543165  -3.749157
  0.563511   3.362005  -3.749157
  0.022565   3.014359  -3.749157
 -0.398527   2.528394  -3.749157
 -0.665648   1.943479  -3.749157
 -0.757160   1.307000  -3.749157
 -0.665648   0.670521  -3.749157
 -0.398527   0.085606  -3.749157
  0.022565  -0.400359  -3.749157
  0.563511  -0.748004  -3.749157
  1.180488  -0.929165  -3.749157
  1.823512  -0.929165  -3.749157
  2.440489  -0.748004  -3.749157
  2.981435  -0.400359  -3.749157
  3.402527   0.085606  -3.749157
  3.669648   0.670521  -3.749157
  3.761160   1.307000  -3.749157
  3.168204   1.952491  -4.174412
  1.666871   3.086245  -4.174412
  1.013001   3.025655  -4.174412
  0.425172   2.732951  -4.174412
 -0.017225   2.247664  -4.174412
 -0.254442   1.635336  -4.174412
 -0.254442   0.978664  -4.174412
 -0.017225   0.366336  -4.174412
  0.425172  -0.118951  -4.174412
  1.013001  -0.411655  -4.174412
  1.666871  -0.472245  -4.174412
  2.298475  -0.292538  -4.174412
  2.822511   0.103195  -4.174412
  3.168204   0.661509  -4.174412
  3.288867   1.307000  -4.174412
  2.572823   1.925240  -4.492178
  2.120240   2.377823  -4.492178
  1.502000   2.543479  -4.492178
  0.883760   2.377823  -4.492178
  0.431177   1.925240  -4.492178
  0.265521   1.307000  -4.492178
  0.431177   0.688760  -4.492178
  0.883760   0.236177  -4.492178
  1.502000   0.070521  -4.492178
  2.120240   0.236177  -4.492178
  2.572823   0.688760  -4.492178
  2.738479   1.307000  -4.492178
  1.818026   1.854373  -4.688569
  1.185974   1.854373  -4.688569
  0.869948   1.307000  -4.688569
  1.185974   0.759627  -4.688569
  1.818026   0.759627  -4.688569
  2.134052   1.307000  -4.688569
  1.502000   1.307000  -4.755000
 -2.066267   0.689620   0.997996
 -2.173117   0.015000   0.997996
 -1.988458   1.299331   0.342556
 -2.269344   0.684276   0.342556
 -2.365571   0.015000   0.342556
 -1.988458   1.299331  -0.340556
 -2.269344   0.684276  -0.340556
 -2.365571   0.015000  -0.340556
 -2.066267   0.689620  -0.995996
 -2.173117   0.015000  -0.995996
  0.525380  -3.166267  -1.710996
  1.200000  -3.273117  -1.710996
  1.874620  -3.166267  -1.710996
  2.483204  -2.856179  -1.710996
  0.703630  -2.834558  -2.285666
  1.367356  -2.896062  -2.285666
  2.008480  -2.713646  -2.285666
  1.200000  -2.387538  -2.733008
  1.848769  -2.213701  -2.733008
  1.350000  -0.610000   3.394000
  1.011921  -1.195570   3.296783
  1.688079  -1.195570   3.296783
  2.026158  -0.610000   3.296783
  1.350000  -1.907538   3.013008
  1.998769  -1.733701   3.013008
  2.473701  -1.258769   3.013008
  2.647538  -0.610000   3.013008
  2.158480  -2.233646   2.565666
  2.690414  -1.831948   2.565666
  5.060267  -0.041620   0.584996
  5.167117   0.633000   0.584996
  4.982458  -0.651331  -0.070444
  5.263344  -0.036276  -0.070444
  5.359571   0.633000  -0.070444
  4.982458  -0.651331  -0.753556
  5.263344  -0.036276  -0.753556
  5.359571   0.633000  -0.753556
  5.060267  -0.041620  -1.408996
  5.167117   0.633000  -1.408996
  2.442769   2.863701   2.322008
  1.794000   3.037538   2.322008
  1.145231   2.863701   2.322008
  2.602480   3.363646   1.874666
  1.961356   3.546062   1.874666
  1.297630   3.484558   1.874666
  0.700942   3.187443   1.874666
  2.468620   3.816267   1.299996
  1.794000   3.923117   1.299996
  1.119380   3.816267   1.299996
  0.510796   3.506179   1.299996
  4.037458   3.342331  -1.642444
  3.594669   3.853337  -1.642444
  3.025848   4.218896  -1.642444
  2.377079   4.409392  -1.642444
  1.700921   4.409392  -1.642444
  4.318344   2.727276  -2.325556
  4.037458   3.342331  -2.325556
  3.594669   3.853337  -2.325556
  3.025848   4.218896  -2.325556
  2.377079   4.409392  -2.325556
  1.700921   4.409392  -2.325556
  4.115267   2.732620  -2.980996
  3.805179   3.341204  -2.980996
  3.322204   3.824179  -2.980996
  2.713620   4.134268  -2.980996
  2.039000   4.241117  -2.980996
  1.364380   4.134268  -2.980996
  4.222117   2.058000  -2.980996
  3.730317   2.713220  -3.555666
  3.379414   3.279949  -3.555666
  2.847480   3.681646  -3.555666
  2.206356   3.864062  -3.555666
  1.542630   3.802558  -3.555666
  3.852799   2.058000  -3.555666
  3.162701   2.706769  -4.003008
  2.687769   3.181701  -4.003008
  2.039000   3.355538  -4.003008
