   -0.0011270068     0.0021408797     0.0039871300
   -0.0028676596     0.0008519858     0.0021539396
   -0.0024055739     0.0001470452     0.0000697314
   -0.0012278148     0.0000790516    -0.0007937721
   -0.0013378400     0.0004863685    -0.0010242141
   -0.0034405561     0.0003300252    -0.0005201669
   -0.0041049557     0.0003629907     0.0017648594
   -0.0015436219     0.0002601616     0.0003530043
   -0.0000419614     0.0004035641     0.0015179609
    0.0002973476    -0.0002596883     0.0021679631
    0.0004520333    -0.0003661397     0.0005276772
   -0.0004744026     0.0003805309    -0.0008034359
   -0.0020685952    -0.0002163044    -0.0009638688
   -0.0030050828    -0.0027094786    -0.0007182824
   -0.0016332548     0.0027804329    -0.0000951077
   -0.0002164943    -0.0020463592     0.0018653691
    0.0003180083     0.0000856511    -0.0001428685
   -0.0004833807     0.0006032902    -0.0005412099
   -0.0009708935     0.0001624370    -0.0006675939
   -0.0010435113    -0.0006207673    -0.0009290656
   -0.0006291531    -0.0015648241    -0.0012925721
    0.0002171612    -0.0022634577    -0.0013746832
    0.0011345517    -0.0024508146    -0.0007492268
    0.0019947744    -0.0024390254     0.0006984603
    0.0003797352    -0.0008925261     0.0001567182
   -0.0000414644     0.0008217410     0.0001189923
   -0.0008109575     0.0008252512     0.0007072666
   -0.0010536825     0.0002550246     0.0015627073
   -0.0007068777    -0.0000983633     0.0020001852
   -0.0005972330    -0.0000394050     0.0016063810
   -0.0008809581    -0.0005621785     0.0010429303
   -0.0004204172    -0.0018472311     0.0010200762
    0.0012728712    -0.0040030546     0.0020585954
    0.0003608981    -0.0005064127    -0.0000354502
   -0.0007617931     0.0011115406     0.0009596717
   -0.0028142738    -0.0002676092     0.0022453172
    0.0013893876    -0.0017931948     0.0034272239
    0.0007169774    -0.0022105959     0.0024295425
   -0.0004247778    -0.0009906981    -0.0017677002
   -0.0005826430     0.0010665628     0.0010213145
   -0.0041648753     0.0004036427     0.0017161337
    0.0040416672    -0.0032557250     0.0031063904
    0.0099054971     0.0137790044    -0.0045288431
    0.0012307728     0.0061463545    -0.0029585375
   -0.0007134814     0.0022248156    -0.0000091511
   -0.0024369183     0.0017446638     0.0019705799
   -0.0052711382     0.0063122990     0.0036470084
   -0.0068227302     0.0015613203     0.0030579963
   -0.0147273738    -0.0078313283     0.0018767644
   -0.0002667527     0.0018149744     0.0045429678
    0.0020079093     0.0015775888     0.0036155600
    0.0031830272     0.0019091193     0.0016717947
    0.0032473241     0.0005703147     0.0032843754
    0.0026992177     0.0018856684     0.0022523464
    0.0019260763     0.0027808060    -0.0000059491
    0.0037605168     0.0023651169    -0.0004976741
    0.0030897539    -0.0018923352     0.0029567773
    0.0033651576     0.0002753854     0.0041403850
    0.0027289334     0.0027375576     0.0026133259
    0.0015670747     0.0046593750     0.0002768286
    0.0008346998     0.0025885470    -0.0023025945
    0.0033799220     0.0032364225    -0.0033231912
   -0.0046002371     0.0033333466    -0.0047533162
   -0.0009931404     0.0035905940    -0.0030122168
   -0.0008353124     0.0020454775    -0.0049655002
    0.0003233732     0.0027895517    -0.0074838820
   -0.0020688171     0.0016539963    -0.0120156071
    0.0003998146     0.0029895145    -0.0106782631
   -0.0036280653     0.0040267721    -0.0046404471
   -0.0052093956     0.0010985847    -0.0071047305
   -0.0055092805    -0.0016989070    -0.0105962758
   -0.0043807605    -0.0042427911    -0.0143796900
   -0.0044750951     0.0076042658    -0.0044922942
   -0.0108105063     0.0033112496    -0.0058295091
    0.0059940209    -0.0036355646     0.0022829185
    0.0128023358    -0.0104237265     0.0035510853
    0.0124472044    -0.0011541672     0.0018335664
    0.0078228666     0.0064129440    -0.0003938351
   -0.0004962299     0.0114557528    -0.0010586993
   -0.0085136511    -0.0066471722    -0.0132682283
   -0.0048602938    -0.0105052779    -0.0135401358
   -0.0004211788    -0.0123097193    -0.0133043120
    0.0046105570    -0.0125010390    -0.0129753593
    0.0101163109    -0.0103692355    -0.0127782602
    0.0146242738    -0.0049305605    -0.0126462606
    0.0155501740     0.0034612198    -0.0125455935
   -0.0174800522    -0.0043922921    -0.0048214378
   -0.0149050394    -0.0123538496    -0.0050081089
   -0.0092977361    -0.0175585259    -0.0049489918
   -0.0026697781    -0.0197975717    -0.0046621723
    0.0039636518    -0.0197481752    -0.0041657881
    0.0104303004    -0.0177304212    -0.0035267676
    0.0163641487    -0.0133429038    -0.0028465332
    0.0204458335    -0.0062259497    -0.0022288438
    0.0207108371     0.0027634831    -0.0017556523
    0.0158111215     0.0109624324    -0.0014347158
   -0.0170943320     0.0040319013     0.0051997025
   -0.0184010185    -0.0064503833     0.0061965043
   -0.0139655898    -0.0149404481     0.0066495914
   -0.0065734263    -0.0194747051     0.0067947921
    0.0013133736    -0.0202004912     0.0069928783
    0.0085386737    -0.0179671357     0.0074738562
    0.0145622376    -0.0130805274     0.0081866136
    0.0182280669    -0.0055178559     0.0088209117
    0.0175495449     0.0037572823     0.0089812235
    0.0108939153     0.0118558695     0.0084803437
   -0.0015424096     0.0144460487     0.0075992775
    0.0050591330     0.0144131369     0.0021357456
   -0.0088462591     0.0125278561     0.0037003468
   -0.0121605154     0.0060146131     0.0125244731
   -0.0126826708    -0.0041330606     0.0150511866
   -0.0075412736    -0.0109663085     0.0158660628
   -0.0004634587    -0.0129799497     0.0158509880
    0.0059144189    -0.0108320003     0.0157424265
    0.0101705488    -0.0054555433     0.0156705739
    0.0107446043     0.0022839621     0.0150785058
    0.0055794951     0.0102417216     0.0130259384
   -0.0065152476     0.0139775000     0.0084425504
   -0.0032863272     0.0149289331     0.0076499165
   -0.0050128107     0.0096419667     0.0138857677
   -0.0047453264     0.0018513056     0.0175093078
   -0.0005882109    -0.0010484899     0.0180768230
    0.0029099611     0.0012192476     0.0171676980
    0.0027512039     0.0069546237     0.0149008648
   -0.0033924147     0.0131837913     0.0096325067
    0.0029486860     0.0177351783     0.0048568109
   -0.0012101419     0.0127835106     0.0106522737
   -0.0012459548     0.0118051086     0.0109013498
   -0.0064596718     0.0166564146     0.0018230630
   -0.0011094349     0.0027039310     0.0029107960
   -0.0021940122     0.0010648728     0.0039013737
   -0.0013919712    -0.0012846962     0.0034247444
   -0.0021584420     0.0056166028     0.0006270043
   -0.0045731136     0.0036642890     0.0020166464
   -0.0051252463     0.0000721512     0.0025004872
   -0.0029721905    -0.0026368618     0.0021233286
    0.0003696854     0.0074730006    -0.0056877975
   -0.0024007463     0.0070371437    -0.0030732350
   -0.0054369715     0.0044135541    -0.0016454906
   -0.0062158779     0.0005200964    -0.0008745677
   -0.0042816540    -0.0025734931    -0.0004349152
   -0.0011231813    -0.0031104179    -0.0001835715
    0.0022402702     0.0080209697    -0.0079142330
   -0.0027577764     0.0054352149    -0.0054751585
   -0.0045227483     0.0012976790    -0.0041575999
   -0.0028616082    -0.0018263354    -0.0027812809
    0.0068745745     0.0094459962    -0.0085764310
    0.0001207315     0.0050093959    -0.0060880348
   -0.0011955998     0.0010606341    -0.0040912657
   -0.0016930615    -0.0015790140     0.0033275978
   -0.0002123479    -0.0019683909     0.0036951126
   -0.0039686598    -0.0006623583     0.0021381128
   -0.0033879551    -0.0034306424     0.0024097854
   -0.0011558278    -0.0050886492     0.0026233764
    0.0013650741    -0.0049132469     0.0028693881
    0.0028052784    -0.0035365116     0.0031807976
   -0.0048457098     0.0006954716     0.0014720864
   -0.0053108924    -0.0027749684     0.0005016713
   -0.0031707850    -0.0059383269    -0.0000855494
    0.0003893091    -0.0070140656    -0.0000847956
    0.0034310017    -0.0059782146     0.0005428326
    0.0049441016    -0.0045179426     0.0017595451
   -0.0068261273     0.0002357803     0.0009241186
   -0.0060018481    -0.0031748833    -0.0013933163
   -0.0030251686    -0.0062502557    -0.0026445395
    0.0009977139    -0.0071754189    -0.0025516977
    0.0041308724    -0.0069910516    -0.0010889036
    0.0073311972    -0.0099311041     0.0020697068
   -0.0103070415    -0.0035504393     0.0004604979
   -0.0057251013    -0.0052993585    -0.0027866325
   -0.0012083430    -0.0081338317    -0.0033558831
    0.0015142807    -0.0154232336    -0.0007375782
   -0.0078773643    -0.0121267039    -0.0015826287
   -0.0014826389     0.0004799089     0.0066806702
   -0.0000905112     0.0027969191     0.0058066949
   -0.0030988249     0.0026208290     0.0043146886
   -0.0042921780     0.0006667229     0.0041670181
   -0.0030147934    -0.0021660731     0.0055126470
    0.0005007847    -0.0026744451     0.0065834849
    0.0021506937     0.0002479147     0.0066868906
    0.0030774600     0.0024919261     0.0046959911
    0.0000095380     0.0035128387     0.0043398277
   -0.0048063143    -0.0000925766     0.0010163199
   -0.0043758641    -0.0026901938     0.0022138877
   -0.0020529492    -0.0048852576     0.0032101746
    0.0013044567    -0.0051402749     0.0038899029
    0.0039781325    -0.0031888093     0.0042938991
    0.0046335107    -0.0001206878     0.0045394446
   -0.0022832504    -0.0042230596    -0.0001940199
    0.0000721210    -0.0051669962     0.0001175029
    0.0025735705    -0.0046814201     0.0005025461
    0.0043239781    -0.0030070289     0.0010676325
    0.0048998242    -0.0008717264     0.0020365495
    0.0023756390     0.0040851683     0.0016684887
    0.0027208069    -0.0032418839     0.0035435552
    0.0039337539    -0.0010110524     0.0039248122
    0.0039700157     0.0019839216     0.0033667610
    0.0031186265     0.0046974617     0.0006377739
    0.0036594202    -0.0036125479     0.0024537534
    0.0055044754    -0.0012050893     0.0024111027
    0.0053971741     0.0021743459     0.0018561867
    0.0032374590     0.0051758972    -0.0014116023
   -0.0000537640     0.0058002196    -0.0026275798
    0.0026252308    -0.0043215959     0.0011208186
    0.0047383721    -0.0032727133     0.0003738667
    0.0062022037    -0.0007354115    -0.0001470836
    0.0057646323     0.0025972134    -0.0006786801
    0.0010827138     0.0060988143    -0.0034101455
    0.0045814979    -0.0024870563    -0.0008958901
    0.0054809617     0.0000232233    -0.0021741327
    0.0045262826     0.0034821557    -0.0028569368
   -0.0026876740     0.0086026973    -0.0039062780
    0.0053216329     0.0017789333    -0.0021742509
    0.0028421828     0.0054590611    -0.0032492531
   -0.0003769137     0.0012066027     0.0058324648
    0.0015173545     0.0033298095     0.0052901394
   -0.0020127785     0.0033173512     0.0054511669
   -0.0036129828     0.0009295856     0.0048692039
    0.0027568974     0.0015374614     0.0046510765
    0.0042998803     0.0033358789     0.0021397884
    0.0024312626     0.0057108825     0.0028863401
   -0.0012176524     0.0065132374     0.0030901158
   -0.0044299264     0.0048564934     0.0026739271
   -0.0055476487     0.0021799232     0.0022209426
    0.0041640923     0.0029366490    -0.0014756662
    0.0037679585     0.0051858749    -0.0013538624
    0.0013096165     0.0072566467    -0.0013139171
   -0.0022050524     0.0074429861    -0.0015518408
   -0.0049468527     0.0056936394    -0.0019978597
   -0.0058224990     0.0035068820    -0.0021742123
    0.0024456821     0.0037839977    -0.0053345700
    0.0013411607     0.0052454592    -0.0062229363
   -0.0008686180     0.0059065906    -0.0069256854
   -0.0031216834     0.0051862136    -0.0075685537
   -0.0042768747     0.0037925784    -0.0081137045
   -0.0022832747     0.0008603892    -0.0143226528
   -0.0183511676    -0.0033047699     0.0043490816
   -0.0137291827    -0.0137117630     0.0005749629
   -0.0021482049    -0.0194505992    -0.0008755367
    0.0093730831    -0.0182814125     0.0002082548
    0.0172362093    -0.0099279212     0.0006394103
    0.0180349051     0.0030282851     0.0010202161
   -0.0183472182     0.0038167587    -0.0004257525
   -0.0170061367    -0.0090021742    -0.0052317315
   -0.0081096036    -0.0176727609    -0.0081543670
    0.0043142310    -0.0190052896    -0.0092002560
    0.0147487232    -0.0122604500    -0.0085680565
    0.0184932874     0.0002393434    -0.0061635161
    0.0128610375     0.0134947851    -0.0008632824
   -0.0117614447     0.0154836821     0.0005320976
   -0.0162974450     0.0061598979    -0.0077097364
   -0.0140770271    -0.0054164539    -0.0136539188
   -0.0046445192    -0.0125275451    -0.0168107700
    0.0070205328    -0.0109051977    -0.0171932592
    0.0141917051    -0.0011874270    -0.0146318696
    0.0128213784     0.0112153531    -0.0085239820
    0.0019640612     0.0175095505    -0.0073069133
   -0.0048089906     0.0172188870    -0.0066147745
   -0.0100698006     0.0098459339    -0.0130661799
   -0.0066613734    -0.0003748377    -0.0193551998
    0.0037571394    -0.0006414792    -0.0203816117
    0.0073748687     0.0098881863    -0.0150897263
   -0.0014303654     0.0094224946    -0.0170836007
   -0.0022841052     0.0013851275     0.0012678532
   -0.0008084208     0.0015901504     0.0024656671
   -0.0018137006     0.0009398014     0.0013562984
   -0.0017710005     0.0004880403     0.0001524693
   -0.0013236250     0.0003698241    -0.0004635863
   -0.0014262744     0.0004590881    -0.0005322155
   -0.0023425308     0.0002049017     0.0000037066
   -0.0022642614     0.0004715320     0.0008709487
   -0.0013033947     0.0001994416    -0.0001181254
   -0.0004404254     0.0001251008    -0.0001941168
   -0.0000894971     0.0000879247    -0.0001766723
   -0.0002344510     0.0001946584    -0.0004995455
   -0.0009187000     0.0002773985    -0.0006793898
   -0.0018235494    -0.0003271484    -0.0004100197
   -0.0018431205     0.0009273332    -0.0002997486
   -0.0006453912     0.0009769743     0.0001583350
   -0.0004215624     0.0008409207     0.0012316921
   -0.0003805580     0.0000425144     0.0015187812
    0.0000551752    -0.0003392183     0.0006718128
    0.0001331345     0.0000801036    -0.0002171883
   -0.0003654817     0.0003715519    -0.0005690007
   -0.0009274406     0.0000827140    -0.0006105732
   -0.0011878910    -0.0006694075    -0.0005898863
   -0.0009401510    -0.0016544693    -0.0005473150
    0.0022594732    -0.0012831431     0.0009066074
   -0.0017815662     0.0021090330    -0.0019414077
   -0.0007561972     0.0027612660    -0.0005354787
   -0.0005204113    -0.0010851306     0.0009600312
    0.0002419274    -0.0001457997     0.0000476130
    0.0000089484     0.0004958871    -0.0002387646
   -0.0004024543     0.0005759789    -0.0002326403
   -0.0006575578     0.0003700453    -0.0001673462
   -0.0007275994     0.0000501693    -0.0001503443
   -0.0006420820    -0.0003180484    -0.0002121718
   -0.0004352018    -0.0007136061    -0.0002582529
   -0.0000791252    -0.0011147869    -0.0001155375
    0.0004926042    -0.0014430159     0.0003189529
    0.0013403573    -0.0016431435     0.0011637351
    0.0001323391     0.0039754930    -0.0038479179
   -0.0004876348    -0.0012336717     0.0002184478
    0.0002451146     0.0001119123     0.0000563042
   -0.0001165676     0.0007266727     0.0001891626
   -0.0005976055     0.0006815392     0.0005201670
   -0.0008189284     0.0003128466     0.0009390513
   -0.0007005067    -0.0000395579     0.0012367651
   -0.0005036332    -0.0001712032     0.0012381853
   -0.0004776071    -0.0003354197     0.0010422990
   -0.0003570292    -0.0008354429     0.0009152191
    0.0002544728    -0.0015430896     0.0010083778
    0.0035652465     0.0044157549    -0.0080012519
   -0.0004990546    -0.0009771857    -0.0004202475
    0.0001175495     0.0003332648     0.0002343922
   -0.0005317998     0.0008173296     0.0007136715
   -0.0013932964     0.0002597618     0.0012684543
   -0.0016442711    -0.0010646618     0.0019171248
    0.0005778999    -0.0014131233     0.0022510886
    0.0004696402    -0.0013160487     0.0018864404
    0.0008823549    -0.0018340632     0.0015497687
   -0.0006067033    -0.0001540648    -0.0011480822
   -0.0001430772     0.0005116043     0.0003114747
   -0.0010143025     0.0008768331     0.0010184020
   -0.0024742544    -0.0000889415     0.0013267977
    0.0022033425    -0.0025551727     0.0021638975
    0.0022634687    -0.0023112553     0.0019981218
    0.0056611464     0.0072702780    -0.0031826114
    0.0009559762     0.0039972592    -0.0022304097
   -0.0002884386     0.0017792607    -0.0005929231
   -0.0008484346     0.0012121742     0.0008255102
   -0.0021594916     0.0008916107     0.0013236819
    0.0041617463    -0.0040100505     0.0019579020
    0.0002830534     0.0068049644     0.0015458727
   -0.0021052016     0.0030358971     0.0015741689
   -0.0033381593     0.0012518270     0.0017620235
   -0.0076067596     0.0052470390     0.0036731661
   -0.0074166395     0.0002759898     0.0020883076
    0.0006259005     0.0012261813     0.0028201703
   -0.0010727755     0.0009440655     0.0030136694
    0.0011126264     0.0013415219     0.0024783097
    0.0017380931     0.0015101458     0.0014381657
    0.0021740513     0.0008239761     0.0023254941
    0.0017363900     0.0013248694     0.0016967550
    0.0015491621     0.0017764770     0.0002766423
    0.0021159728     0.0018443517     0.0002501430
   -0.0032556349     0.0011040591     0.0005783257
    0.0020940184     0.0005857908     0.0018644756
    0.0017598355     0.0015459336     0.0011639404
    0.0010597085     0.0022675304    -0.0001484213
    0.0010306178     0.0018791480    -0.0011417634
    0.0020354412     0.0022417157    -0.0013021872
    0.0021537137    -0.0009135944     0.0020817023
    0.0019615853     0.0020258696     0.0013551261
    0.0010306221     0.0031345551    -0.0002569806
   -0.0000630528     0.0022360936    -0.0016742320
    0.0001606400     0.0016747820    -0.0026388893
    0.0010138286     0.0022485180    -0.0034039749
   -0.0021513339     0.0020765612    -0.0052494960
   -0.0009149272     0.0024960372    -0.0043920391
    0.0016044577    -0.0022945898     0.0016541685
   -0.0011245663     0.0026583731    -0.0022371585
   -0.0016585417     0.0014176676    -0.0034116712
   -0.0014477647     0.0007744277    -0.0047790871
   -0.0010483474     0.0007683681    -0.0063249678
   -0.0010244553    -0.0001916069    -0.0091955758
    0.0005356421    -0.0005148073    -0.0090743090
    0.0020729737     0.0008634590    -0.0083960663
    0.0022077527     0.0040539228    -0.0071327349
   -0.0028646640     0.0028740735    -0.0028847267
   -0.0041983584     0.0009140888    -0.0041538686
   -0.0046910513    -0.0011901612    -0.0058898361
   -0.0042884118    -0.0034022481    -0.0078828085
   -0.0029724910    -0.0053520842    -0.0097993916
   -0.0025928085     0.0049167842    -0.0023651679
   -0.0061090816     0.0029239419    -0.0028758579
   -0.0088077374    -0.0005342181    -0.0041791354
    0.0040247127    -0.0031097619     0.0020699262
    0.0041092055    -0.0016367092     0.0007022382
   -0.0059750047     0.0063577719    -0.0006112390
    0.0066519981    -0.0072505658     0.0016722165
    0.0073717387    -0.0031407869     0.0012619416
    0.0063879346     0.0008333986     0.0002146572
    0.0039260541     0.0043111370    -0.0007431121
   -0.0002979132     0.0066136744    -0.0008928582
    0.0087397015     0.0062080297     0.0002511661
    0.0026171278    -0.0037365466    -0.0109893412
   -0.0059677330    -0.0068194274    -0.0082164218
   -0.0033209540    -0.0088649054    -0.0083779173
   -0.0002778467    -0.0098482253    -0.0082934712
    0.0030108444    -0.0098587971    -0.0080983620
    0.0064135606    -0.0086976521    -0.0078885507
    0.0094604284    -0.0060424139    -0.0076914615
    0.0112842393    -0.0018450587    -0.0075024248
    0.0109005180     0.0033966070    -0.0074836409
   -0.0115941320    -0.0011048523    -0.0028562113
   -0.0110944241    -0.0061730303    -0.0031078329
   -0.0085767071    -0.0102207636    -0.0032100012
   -0.0049000720    -0.0127545739    -0.0031737057
   -0.0007979400    -0.0138070398    -0.0030079651
    0.0033479271    -0.0135847138    -0.0027340809
    0.0073546758    -0.0121429719    -0.0023922303
    0.0109218666    -0.0093518182    -0.0020334067
    0.0134343942    -0.0051526849    -0.0017120428
    0.0140626098     0.0000775869    -0.0014868278
    0.0121569278     0.0052827614    -0.0014186053
    0.0077738439     0.0087498455    -0.0014589332
   -0.0105580981     0.0040544609     0.0022167261
   -0.0125679800    -0.0016740702     0.0027408748
   -0.0115953738    -0.0072333275     0.0030780252
   -0.0084178274    -0.0114301030     0.0032673854
   -0.0040872523    -0.0137704401     0.0033965787
    0.0005396571    -0.0143230220     0.0035637541
    0.0049697703    -0.0133345259     0.0038246952
    0.0088918891    -0.0109333546     0.0041634450
    0.0118708086    -0.0071439569     0.0044941538
    0.0132105513    -0.0021792747     0.0046899260
    0.0121420455     0.0032225895     0.0046393111
    0.0082542382     0.0076908498     0.0043480877
    0.0018839962     0.0095264363     0.0040690695
   -0.0054972175     0.0082911974     0.0015099740
   -0.0087599097     0.0048024273     0.0064009151
   -0.0104764545    -0.0012417183     0.0079427005
   -0.0088224618    -0.0066102853     0.0087806758
   -0.0050520688    -0.0100205339     0.0091235258
   -0.0005158644    -0.0111365265     0.0092327966
    0.0038173309    -0.0101856281     0.0093082815
    0.0073265139    -0.0074794561     0.0093951774
    0.0093905749    -0.0032979283     0.0093625058
    0.0091989038     0.0018027305     0.0089590526
    0.0059985023     0.0066132299     0.0079198486
   -0.0003673862     0.0092258171     0.0060544274
   -0.0088925289     0.0073792548     0.0031739948
    0.0055096621     0.0100444669     0.0008757968
   -0.0031901365     0.0093993362     0.0040578089
   -0.0053356136     0.0061681028     0.0084474155
   -0.0064351464     0.0004927809     0.0109749639
   -0.0041960482    -0.0036617944     0.0120758430
   -0.0005283334    -0.0051349945     0.0123136199
    0.0028974759    -0.0039732588     0.0121153699
    0.0049002933    -0.0007258574     0.0115630112
    0.0044484573     0.0037580740     0.0103381610
    0.0006482108     0.0079261324     0.0078319639
   -0.0065170923     0.0092393338     0.0032289244
    0.0002057001     0.0107083032     0.0039386573
   -0.0022777202     0.0076696886     0.0081497036
   -0.0022815768     0.0033030692     0.0111010214
   -0.0001158875     0.0020623393     0.0115973112
    0.0011293035     0.0041660380     0.0104722231
   -0.0007474502     0.0079435380     0.0074119239
   -0.0063824192     0.0101700335     0.0009517797
    0.0022510864     0.0119143621     0.0013184997
   -0.0009235324     0.0094027732     0.0058347860
   -0.0011905163     0.0088065509     0.0062621264
   -0.0038811629     0.0111164374     0.0005143482
    0.0013478307     0.0125621007    -0.0016337170
   -0.0016281395     0.0122786037    -0.0021792360
   -0.0006415890     0.0009423647     0.0015564203
   -0.0006056994    -0.0000133924     0.0017008729
   -0.0012562471     0.0028359763     0.0005259554
   -0.0021703419     0.0018092167     0.0013445699
   -0.0022778055     0.0001839450     0.0016138210
   -0.0012776065    -0.0010134119     0.0013392010
   -0.0001100656     0.0042954902    -0.0027923978
   -0.0015919807     0.0039419426    -0.0012230457
   -0.0030252823     0.0024868334    -0.0002849516
   -0.0033369013     0.0004778829     0.0001906093
   -0.0023343084    -0.0011079528     0.0003423547
    0.0026262840     0.0049183833    -0.0060750114
   -0.0001456790     0.0046302568    -0.0036314000
   -0.0023255843     0.0030866443    -0.0024275042
   -0.0030406241     0.0009498580    -0.0016952806
   -0.0022465633    -0.0007542739    -0.0011056137
    0.0040790341     0.0055363931    -0.0055697019
    0.0001416271     0.0039649878    -0.0039045097
   -0.0014283541     0.0017854659    -0.0029069532
   -0.0011457668     0.0001297222    -0.0018468376
    0.0041096699     0.0063016251    -0.0035063362
    0.0005430907     0.0033979181    -0.0024354772
   -0.0013343218    -0.0015847918     0.0020685653
   -0.0003486339    -0.0020440074     0.0022567943
    0.0004652152    -0.0017993566     0.0023702893
   -0.0027404792    -0.0016982863     0.0012576239
   -0.0017560002    -0.0031977215     0.0012110263
   -0.0001979517    -0.0038274833     0.0012925402
    0.0012439953    -0.0035709285     0.0015246875
    0.0021090828    -0.0029262671     0.0019063647
   -0.0037632585    -0.0011769671     0.0005579468
   -0.0030002039    -0.0031854911    -0.0000611751
   -0.0012742805    -0.0045109130    -0.0003162332
    0.0007364675    -0.0048391278    -0.0001752394
    0.0024134586    -0.0045226532     0.0003619460
    0.0038070830    -0.0044060170     0.0013087729
   -0.0050898200    -0.0011698913     0.0003548655
   -0.0038914752    -0.0032239925    -0.0009552752
   -0.0018288566    -0.0048710079    -0.0015723726
    0.0005710095    -0.0057393784    -0.0014390238
    0.0029140321    -0.0068318743    -0.0005883360
   -0.0048504265    -0.0051008366    -0.0015317824
   -0.0015505350    -0.0077665089    -0.0021706136
   -0.0010838926     0.0002869168     0.0039743432
   -0.0003351339     0.0015244861     0.0036565497
   -0.0019862565     0.0014332360     0.0026454045
   -0.0025804152     0.0004098860     0.0024748278
   -0.0018875818    -0.0011005803     0.0033136196
    0.0000108494    -0.0014174864     0.0040561340
    0.0009156418     0.0001374499     0.0041979645
    0.0016984505     0.0013492802     0.0033202153
    0.0001052271     0.0020158560     0.0030786551
   -0.0028830371    -0.0005197981     0.0009858808
   -0.0023378138    -0.0018923057     0.0017456160
   -0.0009289169    -0.0028390473     0.0023719433
    0.0008226814    -0.0027765441     0.0028151173
    0.0021399322    -0.0016870185     0.0030969747
    0.0024654641    -0.0000779305     0.0032661776
   -0.0019496451    -0.0020204911     0.0001230582
   -0.0009013264    -0.0029018294     0.0004743164
    0.0004839017    -0.0031487738     0.0007806094
    0.0017917255    -0.0026918690     0.0010831732
    0.0026705543    -0.0016981336     0.0014455226
    0.0029664624    -0.0004534407     0.0019437195
    0.0025278004    -0.0000429202     0.0023072581
    0.0023521039     0.0015194629     0.0018300017
    0.0017849291     0.0028856280     0.0003946151
    0.0025922153    -0.0014949488     0.0018209838
    0.0032270336    -0.0000485579     0.0017186746
    0.0029488795     0.0016465758     0.0012638899
    0.0018547015     0.0032578688    -0.0005297974
    0.0020809963    -0.0023912579     0.0011542869
    0.0032342120    -0.0014758050     0.0008561839
    0.0037875676     0.0000902177     0.0005553412
    0.0033303580     0.0019028615     0.0001262325
    0.0011195387     0.0037534620    -0.0016189200
    0.0027122103    -0.0021053173     0.0005843413
    0.0034734919    -0.0010866498    -0.0001878581
    0.0037426920     0.0005393061    -0.0007073004
    0.0029905120     0.0023883804    -0.0011307587
   -0.0005845217     0.0047415290    -0.0021495937
    0.0038628965    -0.0003719363    -0.0004852964
    0.0034354386     0.0014132493    -0.0013208936
    0.0020863969     0.0033381367    -0.0017832742
    0.0045281167     0.0027902594    -0.0007361126
    0.0016392910     0.0053742564    -0.0012694752
   -0.0003884050     0.0012501756     0.0034371051
    0.0007061851     0.0023024699     0.0030312818
   -0.0012549900     0.0022476922     0.0030835823
   -0.0022583857     0.0009925631     0.0028247940
    0.0023631279     0.0022831136     0.0012906496
    0.0014997912     0.0033649476     0.0016338638
   -0.0002579873     0.0039537393     0.0017908708
   -0.0020956873     0.0034514024     0.0016341430
   -0.0031393636     0.0022046262     0.0013572773
    0.0022448909     0.0030200766    -0.0007646552
    0.0012910715     0.0041275497    -0.0006706845
   -0.0003629612     0.0046526586    -0.0007222026
   -0.0020730085     0.0042682276    -0.0009404622
   -0.0031806549     0.0032533524    -0.0012146041
   -0.0034725604     0.0022375526    -0.0012367327
    0.0010504410     0.0031479063    -0.0035150604
    0.0000398996     0.0037549296    -0.0038480613
   -0.0012622932     0.0037243444    -0.0042101923
   -0.0022734585     0.0030895965    -0.0046026637
   -0.0026087062     0.0023975616    -0.0049043637
   -0.0009791750     0.0011681993    -0.0074491376
   -0.0013059776     0.0007645912    -0.0081956548
   -0.0012544837     0.0001839072    -0.0089885608
   -0.0126981571    -0.0006730456     0.0014053071
   -0.0111386886    -0.0078416049    -0.0009352367
   -0.0053896583    -0.0127199661    -0.0028523445
    0.0021889321    -0.0140259411    -0.0031540859
    0.0087865369    -0.0112224288    -0.0027807850
    0.0126471479    -0.0049246004    -0.0021909105
    0.0121757549     0.0032840670    -0.0010569960
   -0.0119438542     0.0040458307    -0.0014070680
   -0.0120561318    -0.0033666139    -0.0049185690
   -0.0081038475    -0.0093836208    -0.0072697018
   -0.0014243657    -0.0121624125    -0.0085358923
    0.0056482368    -0.0107949181    -0.0086802287
    0.0107001148    -0.0055802050    -0.0077938883
    0.0118900651     0.0019624698    -0.0057079940
    0.0084103548     0.0093346362    -0.0018862129
   -0.0091764745     0.0083162599    -0.0031748339
   -0.0104020520     0.0018782546    -0.0080020748
   -0.0074598959    -0.0043352587    -0.0112819664
   -0.0012498334    -0.0071670941    -0.0128713354
    0.0052591603    -0.0050985460    -0.0127022815
    0.0088084628     0.0009867907    -0.0106608766
    0.0077454135     0.0081092196    -0.0065040425
    0.0008183826     0.0120010156    -0.0046355899
   -0.0031116355     0.0118428889    -0.0040124077
   -0.0062748819     0.0074072754    -0.0086235084
   -0.0042893460     0.0010954839    -0.0131300909
    0.0020345604     0.0009105535    -0.0138702911
    0.0041616861     0.0073882072    -0.0101135959
   -0.0011326616     0.0071451321    -0.0110531535
   -0.0009167883     0.0011697520     0.0020950612
   -0.0014748339     0.0008693743     0.0011232147
   -0.0017339606     0.0005521245     0.0010211308
    0.0003307931     0.0012212170     0.0024386144
   -0.0005752426     0.0011761715     0.0018606768
   -0.0012204609     0.0008840228     0.0011463532
   -0.0013283693     0.0006006752     0.0004091623
   -0.0011848545     0.0004495351     0.0000177190
   -0.0012548528     0.0003703946     0.0000009302
   -0.0016361686     0.0001139048     0.0003669987
    0.0012204432     0.0009917595     0.0021610742
   -0.0012630285     0.0009057409     0.0016329469
   -0.0014789923     0.0006357128     0.0006471822
   -0.0011149147     0.0004026230     0.0000079215
   -0.0007052918     0.0002893010    -0.0001915997
   -0.0005331489     0.0002391699    -0.0002344971
   -0.0006498371     0.0002229651    -0.0002866597
   -0.0010237431     0.0001144318    -0.0002198028
   -0.0014504278    -0.0003399713     0.0000966080
   -0.0015474450    -0.0012054371     0.0006558873
   -0.0016027329     0.0007820171     0.0000829100
   -0.0008996089     0.0005851936    -0.0001912974
   -0.0004617589     0.0004816086     0.0000034039
   -0.0002831353     0.0002942044     0.0002067214
   -0.0001944294     0.0001074638     0.0001219182
   -0.0002137607     0.0001059614    -0.0001423160
   -0.0004442244     0.0001659501    -0.0003177223
   -0.0007945010     0.0000283946    -0.0003139161
   -0.0010548212    -0.0004031543    -0.0001850546
   -0.0010373925    -0.0010533262     0.0000140363
   -0.0006220961    -0.0017195629     0.0002582076
    0.0018704678    -0.0007216140     0.0012882469
    0.0018647924     0.0000280247     0.0015958546
   -0.0018274496     0.0013193798    -0.0007874550
   -0.0008404131     0.0011777106    -0.0006563693
   -0.0005516919     0.0011929841     0.0000251781
   -0.0006912054     0.0008785862     0.0006918860
   -0.0006852879     0.0002370921     0.0008603308
   -0.0003475009    -0.0001534439     0.0005164681
   -0.0000824646    -0.0000569706     0.0000661660
   -0.0001473556     0.0001807179    -0.0001973060
   -0.0004039094     0.0002350592    -0.0002665362
   -0.0006354787     0.0000551198    -0.0002417888
   -0.0007234861    -0.0002824452    -0.0001947226
   -0.0006197607    -0.0006843038    -0.0001494293
   -0.0003222343    -0.0010457330    -0.0000954368
    0.0001116562    -0.0012654537     0.0000046416
    0.0005854352    -0.0012940531     0.0001970607
    0.0010295711    -0.0011468744     0.0005143406
    0.0014447759    -0.0008295615     0.0009713825
   -0.0004836098     0.0019003305    -0.0018573333
   -0.0005708896     0.0022422034    -0.0007173554
   -0.0006626102    -0.0004826484     0.0004738729
   -0.0000972915    -0.0001821680     0.0001123492
   -0.0000395318     0.0002067064    -0.0000499088
   -0.0002408669     0.0003757226    -0.0000524587
   -0.0004559838     0.0003229574     0.0000256027
   -0.0005741555     0.0001415665     0.0001230258
   -0.0005722385    -0.0000864866     0.0001943393
   -0.0004755385    -0.0003112239     0.0002173454
   -0.0003204781    -0.0005278306     0.0002162323
   -0.0001009986    -0.0007540010     0.0002547896
    0.0002337464    -0.0009731695     0.0003928666
    0.0007279229    -0.0011224186     0.0006680699
    0.0004122641     0.0029341033    -0.0027673033
   -0.0006140962    -0.0005435557     0.0000623216
   -0.0000709603    -0.0000419006     0.0000549326
   -0.0001135627     0.0003579592     0.0001321651
   -0.0003840793     0.0004492164     0.0002886152
   -0.0006207627     0.0002820711     0.0005015664
   -0.0006886688    -0.0000151027     0.0007237606
   -0.0005696652    -0.0002876929     0.0008835424
   -0.0003720224    -0.0004431794     0.0009296980
   -0.0002123224    -0.0005463040     0.0008835120
   -0.0000534995    -0.0007283732     0.0008237697
    0.0002579236    -0.0010075781     0.0008191676
    0.0008366933    -0.0013136876     0.0009132678
    0.0026449810     0.0031890216    -0.0047048758
   -0.0006285044    -0.0003347093    -0.0003130763
   -0.0001594902     0.0001076377     0.0000697903
   -0.0003036600     0.0004412872     0.0003538295
   -0.0007096122     0.0003894866     0.0006172608
   -0.0010458492    -0.0000544812     0.0009017302
   -0.0010506930    -0.0007150274     0.0011872140
   -0.0006538539    -0.0012468587     0.0014043479
   -0.0001078880    -0.0013828749     0.0014902712
    0.0002578794    -0.0012426810     0.0014473222
    0.0004410694    -0.0011652073     0.0013345157
    0.0007142574    -0.0012805049     0.0012017260
    0.0012858651    -0.0015292858     0.0010446640
    0.0053318133     0.0037577872    -0.0048040860
   -0.0006548276     0.0002807206    -0.0007704119
   -0.0003402490     0.0003287173    -0.0000068465
   -0.0005423115     0.0005155086     0.0004734057
   -0.0010989563     0.0003536077     0.0007572010
   -0.0016461368    -0.0003619145     0.0009361962
    0.0012631886    -0.0020853080     0.0014371623
    0.0015392857    -0.0018445355     0.0013904151
    0.0031601748     0.0044135322    -0.0021341558
    0.0005594290     0.0027875022    -0.0015215809
   -0.0003080076     0.0014704285    -0.0006497525
   -0.0006061668     0.0009108838     0.0001743450
   -0.0010800454     0.0006871933     0.0006783382
   -0.0018266769     0.0001885925     0.0008195565
   -0.0024692213    -0.0009799598     0.0006497251
    0.0024356889    -0.0030108482     0.0011068076
    0.0023791708     0.0054680933     0.0004798463
   -0.0002156531     0.0032229813     0.0003601500
   -0.0012948033     0.0017574513     0.0006852146
   -0.0020117879     0.0008660797     0.0009150346
   -0.0027640199    -0.0000628514     0.0007460207
    0.0045244751    -0.0047120525     0.0007313278
   -0.0032280797     0.0027350410     0.0014824202
   -0.0038754992     0.0006427022     0.0010451185
   -0.0042463769    -0.0010975174     0.0003359405
    0.0037778338    -0.0082901092    -0.0010485830
   -0.0074473445    -0.0005652582     0.0005013046
   -0.0064488252    -0.0036932850    -0.0007554385
   -0.0045551610    -0.0070603303    -0.0021597710
    0.0002536380     0.0011484573     0.0019212821
   -0.0007358238     0.0010221140     0.0019098586
    0.0006859380     0.0011286872     0.0019518079
    0.0010599757     0.0012436112     0.0012861835
    0.0008200125     0.0014331542     0.0016727415
   -0.0012155110     0.0012673919     0.0019552888
    0.0015047386     0.0007788691     0.0019650003
    0.0012002231     0.0010480007     0.0014791241
    0.0012024961     0.0013400188     0.0005842966
    0.0012814712     0.0015023873     0.0005588856
    0.0015814451     0.0005625188     0.0014355088
    0.0013475608     0.0010928361     0.0010144059
    0.0010301815     0.0015101984     0.0001187060
    0.0009843877     0.0015161674    -0.0003390744
    0.0012583176     0.0017253488    -0.0003931357
   -0.0019280184     0.0012903072    -0.0006020065
    0.0016753093    -0.0001844241     0.0013531924
    0.0016265627     0.0006097597     0.0012556986
    0.0013501315     0.0012593914     0.0007635078
    0.0008300004     0.0018155103    -0.0001435508
    0.0004472812     0.0016387559    -0.0008799033
    0.0005413770     0.0015109276    -0.0013698770
    0.0008944097     0.0018590570    -0.0016050384
   -0.0014125494     0.0016141175    -0.0022759922
    0.0018743491    -0.0003458072     0.0014192593
    0.0019923520     0.0006630024     0.0013133065
    0.0015250464     0.0015411147     0.0007042900
    0.0007704245     0.0022399610    -0.0003827557
   -0.0001014501     0.0018945193    -0.0011917426
   -0.0004005298     0.0014185817    -0.0018813072
   -0.0002847832     0.0011842186    -0.0025032375
   -0.0000373456     0.0013650765    -0.0030882884
   -0.0008083985     0.0009719920    -0.0046886364
   -0.0001050068     0.0011966435    -0.0043517361
   -0.0008024390     0.0021404055    -0.0015609081
   -0.0014932297     0.0013412015    -0.0022798589
   -0.0016979756     0.0005999013    -0.0030788191
   -0.0015970898     0.0000252309    -0.0039640513
   -0.0013514101    -0.0003484582    -0.0048771424
   -0.0011061696    -0.0006197141    -0.0057052353
   -0.0008065598    -0.0009835040    -0.0063306966
   -0.0001731034    -0.0014050178    -0.0066866657
    0.0009078879    -0.0014605657    -0.0067532242
    0.0020716535    -0.0007035510    -0.0065040087
    0.0026828562     0.0009370896    -0.0059068428
   -0.0019135228     0.0023065298    -0.0018545642
   -0.0030263876     0.0011339412    -0.0025308224
   -0.0036208112    -0.0002664766    -0.0034136070
   -0.0037022298    -0.0018161352    -0.0044458383
   -0.0032110993    -0.0033698174    -0.0055315951
   -0.0021587621    -0.0047307446    -0.0065326764
    0.0019653394    -0.0015668682     0.0009188987
   -0.0014991286     0.0034065359    -0.0014261373
   -0.0036539783     0.0024459954    -0.0017048928
   -0.0053831008     0.0006515230    -0.0022728432
   -0.0065000237    -0.0018798114    -0.0030683348
    0.0029939470    -0.0017433188     0.0009193249
    0.0031487385    -0.0006903382     0.0001385732
   -0.0031406545     0.0041908309    -0.0005836739
   -0.0063541496     0.0025777092    -0.0005240354
    0.0046446929    -0.0032109029     0.0007632708
    0.0046252808    -0.0009892407     0.0002969918
    0.0039005050     0.0011330981    -0.0002766539
    0.0023867754     0.0030350016    -0.0006726432
   -0.0000518186     0.0042540396    -0.0007158808
    0.0067744847    -0.0069170199    -0.0008119584
    0.0075631579    -0.0027496903    -0.0005651268
    0.0064830557     0.0011426143    -0.0004163009
    0.0039257663     0.0042166155    -0.0001531852
    0.0001448550     0.0059945567     0.0004402226
   -0.0012863588    -0.0051379710    -0.0069225220
    0.0004391790    -0.0055950497    -0.0068905886
    0.0023706025    -0.0054551685    -0.0067880968
    0.0043194531    -0.0045155744    -0.0066583095
    0.0058993163    -0.0026352241    -0.0065026820
    0.0065843723     0.0001411056    -0.0063282702
   -0.0061231775    -0.0053497750    -0.0039252001
   -0.0042632104    -0.0073344458    -0.0040586740
   -0.0019449785    -0.0085071581    -0.0040604748
    0.0005711938    -0.0089082974    -0.0039628783
    0.0031375841    -0.0085627793    -0.0038037481
    0.0056015915    -0.0074143467    -0.0036171757
    0.0076915779    -0.0053857615    -0.0034284462
    0.0089917570    -0.0025183472    -0.0032616503
    0.0090358346     0.0008872191    -0.0031704776
    0.0074887557     0.0041806233    -0.0033180780
   -0.0084317271    -0.0000746938    -0.0002116611
   -0.0084939921    -0.0036202610    -0.0001909965
   -0.0071545232    -0.0066978124    -0.0001678370
   -0.0048516816    -0.0089019700    -0.0001247336
   -0.0020489743    -0.0101042161    -0.0000426480
    0.0009053957    -0.0103498026     0.0000914312
    0.0037892798    -0.0097118548     0.0002746855
    0.0064136839    -0.0082118571     0.0004857447
    0.0085142099    -0.0058537118     0.0006876004
    0.0097145746    -0.0027455070     0.0008331863
    0.0096073988     0.0007629985     0.0008749473
    0.0079422454     0.0040053811     0.0007955883
    0.0048605867     0.0060684770     0.0007144628
   -0.0064305944     0.0036706899     0.0024922281
   -0.0081756706     0.0001731442     0.0031616833
   -0.0081366981    -0.0034659593     0.0036234525
   -0.0066270945    -0.0065271896     0.0039095199
   -0.0041573738    -0.0085929592     0.0040771546
   -0.0012420283    -0.0095393661     0.0041923442
    0.0017223299    -0.0094208630     0.0043064986
    0.0044565490    -0.0083355885     0.0044376012
    0.0067111370    -0.0063637483     0.0045626829
    0.0081788867    -0.0036143607     0.0046231918
    0.0084900061    -0.0003419529     0.0045423559
    0.0073178241     0.0029506063     0.0042553688
    0.0045544560     0.0055091497     0.0037550865
    0.0004602968     0.0064802869     0.0031299606
   -0.0042997554     0.0051862739     0.0024795383
    0.0017712751     0.0065842408     0.0006164222
   -0.0029499877     0.0061151011     0.0016203927
   -0.0048456536     0.0043610650     0.0044944959
   -0.0064601043     0.0008671971     0.0058652928
   -0.0061428241    -0.0025771776     0.0067342320
   -0.0043831244    -0.0051831852     0.0072098273
   -0.0018379259    -0.0065664296     0.0074245667
    0.0008924290    -0.0066738956     0.0074969398
    0.0033494218    -0.0056211755     0.0074910612
    0.0051593642    -0.0035787687     0.0073934781
    0.0059417424    -0.0007904960     0.0071166184
    0.0053082485     0.0023117747     0.0065269447
    0.0029975400     0.0050156108     0.0054857470
   -0.0009097082     0.0063640273     0.0038772787
   -0.0057637317     0.0053446138     0.0015867881
    0.0038399911     0.0069819721     0.0000054391
   -0.0012304156     0.0068015785     0.0025535392
   -0.0028722396     0.0051259033     0.0052721009
   -0.0040082929     0.0017531335     0.0073363300
   -0.0031027175    -0.0010553940     0.0084296256
   -0.0010662328    -0.0024386841     0.0088431587
    0.0011202777    -0.0021994835     0.0088155650
    0.0026561506    -0.0005525813     0.0084378084
    0.0028923996     0.0020351124     0.0076075719
    0.0013237514     0.0047730105     0.0060600039
   -0.0021528711     0.0064505725     0.0034365808
   -0.0067186218     0.0056171757    -0.0006472471
    0.0006121561     0.0075269465     0.0019669005
   -0.0012639532     0.0060239613     0.0047611480
   -0.0016900909     0.0033899907     0.0071253163
   -0.0006132163     0.0021505768     0.0078918537
    0.0004170886     0.0028396026     0.0074852767
    0.0000739340     0.0048523781     0.0059241698
   -0.0022654474     0.0067484299     0.0027738482
    0.0014031881     0.0081269479     0.0002768525
   -0.0007526977     0.0066941664     0.0036560800
   -0.0009329341     0.0063151750     0.0040539388
   -0.0025157140     0.0076124078     0.0002149186
    0.0006013875     0.0084034896    -0.0012755165
   -0.0011726144     0.0082222025    -0.0014099475
   -0.0011042142     0.0011264723     0.0007442263
   -0.0011233434     0.0002400941     0.0009450415
   -0.0005532496     0.0026261462    -0.0011004584
   -0.0014022159     0.0020677322    -0.0002368029
   -0.0018973019     0.0010120541     0.0002517594
   -0.0016769987    -0.0000747130     0.0004335643
    0.0001332099     0.0031450215    -0.0024026657
   -0.0011992026     0.0024832108    -0.0014372441
   -0.0019393385     0.0013475584    -0.0008632093
   -0.0018913499     0.0001840865    -0.0005006151
   -0.0011959172    -0.0005391284    -0.0002517106
    0.0029302592     0.0035877470    -0.0041238962
    0.0003609657     0.0030951530    -0.0026829826
   -0.0010684243     0.0018968648    -0.0019082677
   -0.0013635222     0.0006255959    -0.0013249349
    0.0016837188     0.0035636983    -0.0025845912
   -0.0001262342     0.0020892941    -0.0018445839
   -0.0012580264    -0.0014967122     0.0012626470
   -0.0005576961    -0.0020086507     0.0013513715
    0.0001949377    -0.0020873748     0.0014583664
   -0.0020132406    -0.0018095034     0.0006601749
   -0.0011568271    -0.0027458601     0.0005754010
   -0.0000240436    -0.0031447072     0.0006281466
    0.0010376469    -0.0030705893     0.0008260992
   -0.0030031072    -0.0010745568     0.0003666721
   -0.0023694147    -0.0024799313    -0.0001421299
   -0.0011406555    -0.0034932003    -0.0003791223
    0.0003309427    -0.0039510825    -0.0003246065
    0.0017628382    -0.0040982003     0.0000121802
   -0.0032190053    -0.0028473490    -0.0006980965
   -0.0016608930    -0.0041197666    -0.0011839006
    0.0001811202    -0.0051321898    -0.0012330881
    0.0023779419    -0.0066903097    -0.0009638805
   -0.0042995904    -0.0049863377    -0.0014851777
   -0.0015473968    -0.0074146872    -0.0022214218
   -0.0008162049     0.0001864309     0.0026829458
   -0.0003586547     0.0009430336     0.0025960251
   -0.0013804333     0.0008949655     0.0019003974
   -0.0017207732     0.0002698970     0.0017342669
   -0.0012896613    -0.0006330096     0.0022634567
   -0.0001491350    -0.0008374083     0.0027875304
    0.0004062827     0.0000878492     0.0029331353
    0.0009907880     0.0008896987     0.0025487475
   -0.0015805945    -0.0011440140     0.0013485239
   -0.0007097174    -0.0017368472     0.0018084855
    0.0003825917    -0.0017190935     0.0021514061
    0.0012233134    -0.0010579412     0.0023823117
    0.0014566833    -0.0000428142     0.0025211030
   -0.0006942291    -0.0019372928     0.0007021157
    0.0002442162    -0.0021155560     0.0009715270
    0.0011436388    -0.0018181531     0.0012183602
    0.0017687866    -0.0011378523     0.0014830156
    0.0019964399    -0.0002441970     0.0017969832
    0.0021838864     0.0002008938     0.0012698619
    0.0019340860     0.0012876284     0.0008826252
    0.0012287465     0.0022788139    -0.0002501132
    0.0023171955    -0.0007400943     0.0008952445
    0.0025442286     0.0003196680     0.0006714276
    0.0021683527     0.0014522458     0.0003089219
    0.0009827777     0.0025615109    -0.0008474280
    0.0021998603    -0.0012763835     0.0005630021
    0.0026349112    -0.0004562067     0.0002045622
    0.0026609516     0.0006259570    -0.0000998121
    0.0021100027     0.0017412254    -0.0004255181
    0.0000586675     0.0031072196    -0.0013431649
    0.0028087354    -0.0001921654    -0.0002332341
    0.0025679560     0.0010260725    -0.0006693187
    0.0016858091     0.0022540697    -0.0009959873
    0.0027324504     0.0017529210    -0.0007491907
    0.0011912720     0.0032152888    -0.0010491839
    0.0003359349     0.0017882512     0.0019733548
   -0.0008843561     0.0017215992     0.0019633559
    0.0008337733     0.0023924367     0.0010739211
   -0.0002519835     0.0026906655     0.0011264629
   -0.0013780742     0.0023903387     0.0010243348
   -0.0020651423     0.0016614235     0.0008865266
    0.0013712911     0.0022593739    -0.0004012794
    0.0007256631     0.0028574856    -0.0003684732
   -0.0003127249     0.0031352677    -0.0004182446
   -0.0013749299     0.0028988723    -0.0005707902
   -0.0020846795     0.0023065126    -0.0007422872
    0.0007280478     0.0022700640    -0.0021659256
    0.0001398329     0.0026496565    -0.0023456182
   -0.0006644191     0.0027122387    -0.0025614851
   -0.0013784044     0.0024134870    -0.0028155629
   -0.0017492857     0.0019760236    -0.0030442937
   -0.0006906366     0.0011353795    -0.0048213825
   -0.0009131282     0.0008800340    -0.0052245560
   -0.0083984023     0.0027325974     0.0007493187
   -0.0090451071    -0.0025027985    -0.0012080008
   -0.0068645335    -0.0069032391    -0.0028761890
   -0.0024707101    -0.0095321339    -0.0039422982
    0.0025958716    -0.0096521842    -0.0041343972
    0.0068100761    -0.0071902062    -0.0038346917
    0.0090779347    -0.0026885494    -0.0031737466
    0.0085314612     0.0027949043    -0.0019495872
   -0.0082347310     0.0031860486    -0.0019564433
   -0.0082831831    -0.0017873525    -0.0046432637
   -0.0056007166    -0.0058802582    -0.0064676392
   -0.0010657006    -0.0077726364    -0.0074412935
    0.0037385353    -0.0068186569    -0.0075315764
    0.0071539098    -0.0032475323    -0.0067800207
    0.0079476780     0.0018585954    -0.0050805112
    0.0056719772     0.0067600535    -0.0021299510
   -0.0060616010     0.0062327037    -0.0025656379
   -0.0069157248     0.0020221910    -0.0060897825
   -0.0050290951    -0.0020840053    -0.0085375691
   -0.0009667364    -0.0039712729    -0.0097320812
    0.0032989768    -0.0026022962    -0.0095892210
    0.0055978203     0.0014172766    -0.0080363821
    0.0048744354     0.0060716315    -0.0049771754
   -0.0041321808     0.0057015290    -0.0059264902
   -0.0029111684     0.0016221099    -0.0092314271
    0.0011207934     0.0014894277    -0.0097809208
    0.0024398332     0.0056639923    -0.0070473629
   -0.0009103898     0.0055339979    -0.0074839309
   -0.0009064767     0.0004218332     0.0016368212
   -0.0006279093     0.0007472270     0.0015595966
   -0.0010120303     0.0006073218     0.0009651140
   -0.0011603876     0.0003602933     0.0008638215
   -0.0011563316    -0.0000258213     0.0014471477
    0.0001751231     0.0008131870     0.0018361870
   -0.0003931265     0.0008953157     0.0014751786
   -0.0008567741     0.0007602255     0.0009910042
   -0.0009922459     0.0005653975     0.0004935786
   -0.0009444569     0.0004146131     0.0002303212
   -0.0009811581     0.0002885248     0.0002229496
   -0.0011507977     0.0000682260     0.0004540035
   -0.0012336453    -0.0003612244     0.0009527243
    0.0008472419     0.0007289140     0.0017120652
   -0.0010562019     0.0007477446     0.0007272281
   -0.0009828798     0.0005445233     0.0002304018
   -0.0007681251     0.0004023984     0.0000009629
   -0.0006234904     0.0003070974    -0.0000515612
   -0.0006156396     0.0002295647    -0.0000570840
   -0.0007425218     0.0001409118    -0.0000259380
   -0.0009487099    -0.0000488689     0.0001118576
   -0.0010892032    -0.0004228430     0.0003897023
   -0.0009772112    -0.0009322747     0.0007801454
    0.0011377400     0.0002433443     0.0017854964
   -0.0012712450     0.0008531297     0.0002538176
   -0.0009097560     0.0006293578    -0.0001071682
   -0.0005992669     0.0005033968    -0.0001201663
   -0.0004338998     0.0003832639    -0.0000079102
   -0.0003661927     0.0002422801     0.0000408988
   -0.0003564956     0.0001472248    -0.0000205082
   -0.0004342644     0.0001124937    -0.0001030003
   -0.0006017388     0.0000419226    -0.0001134189
   -0.0007782818    -0.0001614588    -0.0000302631
   -0.0008489949    -0.0005107022     0.0001236669
   -0.0007198350    -0.0009337892     0.0003208460
   -0.0003560748    -0.0012970360     0.0005367685
    0.0001794809    -0.0014520345     0.0007464748
    0.0007317439    -0.0013193281     0.0009319868
    0.0011409943    -0.0009422855     0.0010947571
    0.0013426807    -0.0004347168     0.0012487948
    0.0013689971     0.0001186249     0.0013833334
   -0.0010682890     0.0009895909    -0.0005843976
   -0.0006249526     0.0008717064    -0.0004564834
   -0.0004682855     0.0007897194    -0.0001106632
   -0.0004755300     0.0005792510     0.0002005315
   -0.0004502665     0.0002772500     0.0003044509
   -0.0003359313     0.0000710766     0.0002005995
   -0.0002487818     0.0000453971     0.0000250519
   -0.0002869108     0.0000983902    -0.0000971445
   -0.0004230369     0.0000896360    -0.0001294790
   -0.0005642891    -0.0000414643    -0.0000951782
   -0.0006293451    -0.0002791604    -0.0000273983
   -0.0005707136    -0.0005714110     0.0000528450
   -0.0003742297    -0.0008506687     0.0001382755
   -0.0000623446    -0.0010473056     0.0002330951
    0.0003098015    -0.0011115215     0.0003500861
    0.0006783156    -0.0010308910     0.0005049184
    0.0010018607    -0.0008200528     0.0007092239
    0.0012694791    -0.0004799412     0.0009589074
   -0.0003954934     0.0012948367    -0.0011556113
   -0.0004305618     0.0013464563    -0.0005168733
   -0.0007225591     0.0011403226     0.0000517233
   -0.0009086675     0.0006457596     0.0003716208
   -0.0007783658     0.0001439550     0.0003968802
   -0.0004636537    -0.0000823918     0.0002427645
   -0.0002284101    -0.0000311328     0.0000705392
   -0.0001884100     0.0001084838    -0.0000283683
   -0.0002871772     0.0001774470    -0.0000444115
   -0.0004172289     0.0001278279    -0.0000056017
   -0.0005008798    -0.0000167409     0.0000567639
   -0.0005022442    -0.0002113107     0.0001189481
   -0.0004166911    -0.0004130100     0.0001674874
   -0.0002593669    -0.0005914845     0.0002040267
   -0.0000487978    -0.0007324183     0.0002471226
    0.0002078960    -0.0008285802     0.0003236900
    0.0005151864    -0.0008654338     0.0004563156
    0.0008791108    -0.0008112870     0.0006607091
    0.0002442258     0.0017185581    -0.0019873812
   -0.0002813278     0.0019240450    -0.0011030420
   -0.0007591556    -0.0001482327     0.0001188227
   -0.0003426893    -0.0001140075     0.0000637677
   -0.0001808674     0.0000773455     0.0000437370
   -0.0002321148     0.0002169767     0.0000775289
   -0.0003699865     0.0002240340     0.0001560380
   -0.0004880677     0.0001105724     0.0002609757
   -0.0005261275    -0.0000721898     0.0003694453
   -0.0004695761    -0.0002641960     0.0004564360
   -0.0003441636    -0.0004223685     0.0005049185
   -0.0001891920    -0.0005434249     0.0005183934
   -0.0000158144    -0.0006546927     0.0005213709
    0.0002068856    -0.0007731282     0.0005444915
    0.0005241950    -0.0008783564     0.0006104987
    0.0009714675    -0.0009274568     0.0007437541
    0.0018889894     0.0015165655    -0.0037164522
    0.0010099611     0.0022201781    -0.0024935180
   -0.0011438292     0.0001157100    -0.0003388426
   -0.0006325618    -0.0000956050    -0.0001441586
   -0.0003054745     0.0000200519     0.0000043863
   -0.0002568005     0.0001959919     0.0001342046
   -0.0003927950     0.0002564403     0.0002653308
   -0.0005749743     0.0001486787     0.0004085150
   -0.0006869895    -0.0000983795     0.0005611744
   -0.0006569906    -0.0004033649     0.0007054590
   -0.0004824396    -0.0006615795     0.0008146824
   -0.0002343584    -0.0008048165     0.0008691971
    0.0000012321    -0.0008518890     0.0008708011
    0.0002044579    -0.0008804119     0.0008412181
    0.0004348746    -0.0009421521     0.0008052280
    0.0007711414    -0.0010225544     0.0007755548
    0.0042181613     0.0016145133    -0.0040763243
    0.0022304527     0.0025386262    -0.0028101717
   -0.0006974186     0.0002739637    -0.0005119966
   -0.0004308752     0.0001803958    -0.0001316303
   -0.0003872721     0.0002624216     0.0001496055
   -0.0005615143     0.0002744421     0.0003543370
   -0.0008218012     0.0000861319     0.0005164510
   -0.0010055465    -0.0003176856     0.0006588697
   -0.0009709042    -0.0008432648     0.0007868764
   -0.0006695196    -0.0013077226     0.0008929159
   -0.0002044217    -0.0015433019     0.0009661320
    0.0002405267    -0.0015349117     0.0010004902
    0.0005702267    -0.0014198798     0.0009968806
    0.0008493899    -0.0013303939     0.0009577088
    0.0012029610    -0.0012762952     0.0008746486
    0.0052690725     0.0027157600    -0.0025689430
    0.0023540709     0.0029214179    -0.0019284796
    0.0005513485     0.0022317652    -0.0014612224
   -0.0002516478     0.0013565112    -0.0009544083
   -0.0004545434     0.0007670955    -0.0004265078
   -0.0005240474     0.0005225301     0.0000191744
   -0.0007168878     0.0004069196     0.0003249730
   -0.0010434952     0.0001784418     0.0004975342
   -0.0013621332    -0.0003048317     0.0005698610
   -0.0014602509    -0.0010355431     0.0005787546
    0.0008931866    -0.0022805702     0.0007607494
    0.0013538325    -0.0020278425     0.0008379435
    0.0018231857    -0.0017862400     0.0008392882
    0.0027628273     0.0036192530    -0.0005092412
    0.0006726375     0.0026036184    -0.0004395847
   -0.0003145105     0.0016485616    -0.0001474733
   -0.0007970706     0.0010085587     0.0001947192
   -0.0011785358     0.0005730275     0.0004326403
   -0.0015867380     0.0000904247     0.0004976535
   -0.0019123275    -0.0006361902     0.0003897075
   -0.0019012818    -0.0016151413     0.0001650170
    0.0015868782    -0.0030722282     0.0002629737
    0.0024316925    -0.0027929099     0.0004631822
    0.0002669197     0.0036954865     0.0008673134
   -0.0011026876     0.0022033807     0.0005860246
   -0.0017812740     0.0011189829     0.0005582000
   -0.0022290099     0.0002513991     0.0004790523
   -0.0025275058    -0.0006855521     0.0002078076
   -0.0024651793    -0.0018292362    -0.0002415308
    0.0024134024    -0.0043819909    -0.0004929094
   -0.0027915449     0.0034693252     0.0013854675
   -0.0034261961     0.0013185358     0.0006494075
   -0.0036315820    -0.0002748897     0.0001722813
   -0.0035170088    -0.0017567716    -0.0004241068
   -0.0028237353    -0.0033072257    -0.0011212948
    0.0007004588    -0.0060280858    -0.0019092128
   -0.0063085210    -0.0006004292    -0.0006534046
   -0.0052795573    -0.0032466419    -0.0016245072
   -0.0036042337    -0.0059201950    -0.0028161387
    0.0001228197     0.0010093347     0.0014464979
   -0.0005494787     0.0009474083     0.0013961826
    0.0004693372     0.0009265887     0.0015843844
    0.0007163466     0.0010442511     0.0010665787
    0.0004520214     0.0012032044     0.0011796551
   -0.0001373245     0.0012870548     0.0013694035
   -0.0008299003     0.0010938492     0.0012259713
    0.0008795958     0.0008556399     0.0012541060
    0.0009075782     0.0010739849     0.0006149308
    0.0008417818     0.0012257593     0.0005203433
    0.0007201929     0.0014685184     0.0007012832
    0.0002726999     0.0017632172     0.0010127924
   -0.0011566506     0.0014679582     0.0008531914
   -0.0013775880     0.0009990048     0.0004727858
    0.0012186102     0.0004997003     0.0012031060
    0.0010448492     0.0008574161     0.0008986535
    0.0008710889     0.0011573841     0.0002451902
    0.0007725742     0.0012405812    -0.0000548373
    0.0008011260     0.0013757762    -0.0001542061
    0.0007809228     0.0017146900    -0.0000281669
   -0.0014800958     0.0016520912    -0.0001346177
   -0.0014213387     0.0011800305    -0.0003608802
    0.0013596658    -0.0000072857     0.0011045031
    0.0012672361     0.0005158525     0.0009571169
    0.0010795833     0.0009365275     0.0006342286
    0.0007594418     0.0013115167    -0.0000089982
    0.0005013871     0.0013112419    -0.0004574211
    0.0004473805     0.0012739917    -0.0007884728
    0.0005307969     0.0013961951    -0.0009731969
    0.0005467151     0.0017642427    -0.0010222193
   -0.0012499582     0.0013771571    -0.0015420367
   -0.0009668202     0.0012319372    -0.0013920011
    0.0012688832    -0.0005569059     0.0009369892
    0.0014343794    -0.0000183371     0.0010001114
    0.0013988255     0.0005892359     0.0008421015
    0.0011266608     0.0010845380     0.0004705033
    0.0006594942     0.0015337617    -0.0002249516
    0.0001596026     0.0014476102    -0.0007407150
   -0.0000915083     0.0012300632    -0.0011986499
   -0.0001138111     0.0010784182    -0.0015929268
   -0.0000283537     0.0011135949    -0.0019305708
   -0.0000127802     0.0013410769    -0.0022160540
   -0.0002116020     0.0016066283    -0.0024610985
   -0.0008369079     0.0010498940    -0.0030200174
   -0.0005229796     0.0008883445    -0.0029938113
   -0.0001840259     0.0011013415    -0.0027206796
    0.0014380917    -0.0006156119     0.0008934827
    0.0017294319    -0.0000337285     0.0008871080
    0.0016883629     0.0006916099     0.0006912325
    0.0012640204     0.0012903958     0.0002905883
    0.0005147593     0.0017917913    -0.0005078520
   -0.0002567573     0.0016188509    -0.0009900747
   -0.0007499106     0.0012234401    -0.0014733782
   -0.0009647985     0.0007940567    -0.0019636003
   -0.0009744097     0.0004407769    -0.0024677450
   -0.0008739185     0.0002104176    -0.0029751368
   -0.0007609904     0.0000787556    -0.0034563976
   -0.0006742148    -0.0000514693    -0.0038737510
   -0.0005316431    -0.0002631740    -0.0041924028
   -0.0001922964    -0.0004928615    -0.0043838207
    0.0003728852    -0.0005249843    -0.0044197803
    0.0009888756    -0.0001525260    -0.0042673018
    0.0013591682     0.0006771534    -0.0038938724
    0.0012559565    -0.0010203804     0.0007601042
    0.0017781293    -0.0006581139     0.0006800491
    0.0001593866     0.0020494987    -0.0008303941
   -0.0008579249     0.0017815533    -0.0011994413
   -0.0016034918     0.0011989006    -0.0016337557
   -0.0020503301     0.0004639775    -0.0021389985
   -0.0022199073    -0.0003316669    -0.0027083027
   -0.0021279665    -0.0011243928    -0.0033172859
   -0.0017952016    -0.0018551413    -0.0039219978
   -0.0012479129    -0.0024819077    -0.0044650610
   -0.0004894704    -0.0029697183    -0.0048913908
    0.0004965477    -0.0032345334    -0.0051636661
    0.0016673548    -0.0031113944    -0.0052631819
    0.0028302788    -0.0024256096    -0.0051779667
    0.0036519945    -0.0011304174    -0.0049014613
    0.0037766793     0.0006258446    -0.0044604562
    0.0016581303    -0.0010100952     0.0005862076
   -0.0005334249     0.0023263452    -0.0009885091
   -0.0018191205     0.0019002887    -0.0012319119
   -0.0028622188     0.0010244837    -0.0015883309
   -0.0035772052    -0.0001839410    -0.0020564615
   -0.0038878614    -0.0016427159    -0.0026094189
   -0.0036988656    -0.0032365426    -0.0032053293
    0.0021227890    -0.0010087272     0.0004544026
    0.0023114544    -0.0003320083     0.0000338817
   -0.0014271147     0.0027374277    -0.0007293612
   -0.0031246031     0.0020646198    -0.0007985119
   -0.0046096170     0.0006986047    -0.0009612518
   -0.0056619937    -0.0013068991    -0.0012040913
    0.0029188217    -0.0012817842     0.0003362017
    0.0028403191    -0.0001746758    -0.0000440151
    0.0024435206     0.0009521560    -0.0003945343
    0.0015927765     0.0019980797    -0.0006227272
    0.0002415522     0.0026848841    -0.0007064233
   -0.0022925605     0.0034688709     0.0000927640
   -0.0046906168     0.0023993838     0.0004525229
    0.0041882136    -0.0023436215    -0.0001665303
    0.0040600979    -0.0004726814    -0.0002670149
    0.0033054970     0.0012550943    -0.0003717818
    0.0019436122     0.0026644903    -0.0003692761
    0.0000182057     0.0034957276    -0.0002019280
    0.0056072596    -0.0050360199    -0.0020096019
    0.0061347721    -0.0018525221    -0.0014979185
    0.0052886385     0.0011089450    -0.0009895321
    0.0033398232     0.0034318397    -0.0003797465
    0.0005394626     0.0047678517     0.0004448279
   -0.0006361233    -0.0045339856    -0.0047381358
    0.0007126138    -0.0047191347    -0.0047063032
    0.0021365056    -0.0044740731    -0.0046283704
    0.0035043619    -0.0037128356    -0.0045226113
    0.0046012867    -0.0023863986    -0.0043940428
    0.0051475210    -0.0005348007    -0.0042505287
   -0.0040120594    -0.0047312596    -0.0027156765
   -0.0026106212    -0.0058769348    -0.0027764887
   -0.0009718986    -0.0065279786    -0.0027662595
    0.0007754509    -0.0066906909    -0.0027010058
    0.0025330796    -0.0063606687    -0.0025992238
    0.0041878349    -0.0055114845    -0.0024782528
    0.0055746695    -0.0041238488    -0.0023529738
    0.0064712431    -0.0022390010    -0.0022394302
    0.0066319699    -0.0000137671    -0.0021665516
    0.0058564609     0.0022339445    -0.0021999787
   -0.0062049085    -0.0016472349    -0.0003008532
   -0.0057201830    -0.0038407394    -0.0002989551
   -0.0045304652    -0.0056310348    -0.0002871780
   -0.0028719517    -0.0068691267    -0.0002550534
   -0.0009655335    -0.0075127785    -0.0001951445
    0.0010180916    -0.0075765118    -0.0001056677
    0.0029486001    -0.0070824454     0.0000075659
    0.0046984211    -0.0060410557     0.0001312093
    0.0061064469    -0.0044707746     0.0002456198
    0.0069691734    -0.0024456150     0.0003262980
    0.0070728953    -0.0001485542     0.0003459296
    0.0062672524     0.0020923692     0.0002827758
    0.0045724324     0.0038101685     0.0001565341
   -0.0043746507     0.0029384770     0.0012598696
   -0.0057866073     0.0007599783     0.0016733596
   -0.0061477489    -0.0016621100     0.0019791933
   -0.0055524648    -0.0039074989     0.0021921773
   -0.0042228635    -0.0056795214     0.0023358053
   -0.0024297637    -0.0068227837     0.0024379486
   -0.0004240035    -0.0072973340     0.0025243184
    0.0015946598    -0.0071265456     0.0026110431
    0.0034661026    -0.0063509687     0.0026994806
    0.0050346610    -0.0050141333     0.0027748575
    0.0061201877    -0.0031861724     0.0028087179
    0.0065208552    -0.0010107151     0.0027651628
    0.0060575971     0.0012523163     0.0026121189
    0.0046506920     0.0032181759     0.0023417233
    0.0023978541     0.0044326504     0.0020012151
   -0.0004038364     0.0045087030     0.0017014777
   -0.0036548858     0.0032526907     0.0025827358
   -0.0050236327     0.0009836429     0.0034377962
   -0.0051988492    -0.0014566048     0.0040427891
   -0.0043558484    -0.0035741106     0.0044347747
   -0.0028082066    -0.0050539792     0.0046666423
   -0.0008993045    -0.0057620084     0.0047941555
    0.0010704508    -0.0056925864     0.0048605413
    0.0028575845    -0.0049036737     0.0048836483
    0.0042455837    -0.0034832736     0.0048501086
    0.0050125096    -0.0015660718     0.0047184414
    0.0049367777     0.0006172178     0.0044306217
    0.0038561393     0.0026995802     0.0039307042
    0.0017607504     0.0041899291     0.0031856535
   -0.0011207714     0.0045603288     0.0021915870
   -0.0042682291     0.0033903430     0.0009352671
    0.0053775483     0.0031575019    -0.0014495651
    0.0020951677     0.0048562139     0.0001062841
   -0.0011573252     0.0047439083     0.0014657718
   -0.0024572433     0.0037761771     0.0032346116
   -0.0036761664     0.0016516556     0.0045309387
   -0.0036914547    -0.0005391892     0.0053969668
   -0.0027529158    -0.0022689394     0.0059129943
   -0.0012486473    -0.0032396415     0.0061694987
    0.0004240051    -0.0033608945     0.0062444067
    0.0019219112    -0.0026799748     0.0061799493
    0.0029528837    -0.0013273557     0.0059688480
    0.0032536112     0.0004833416     0.0055554980
    0.0026067299     0.0024158775     0.0048513990
    0.0009207394     0.0039871881     0.0037575284
   -0.0016480622     0.0046123627     0.0021822386
   -0.0045666963     0.0037443308     0.0000498875
    0.0030261118     0.0050391056    -0.0008303821
   -0.0000721264     0.0051416728     0.0014528875
   -0.0014016492     0.0042363476     0.0032890992
   -0.0022623014     0.0022521248     0.0049853503
   -0.0018946078     0.0004993777     0.0059633470
   -0.0007784718    -0.0004255954     0.0063875087
    0.0004783912    -0.0003252040     0.0063940797
    0.0013247949     0.0006913100     0.0060343216
    0.0013214847     0.0022874098     0.0052490701
    0.0001994927     0.0039020651     0.0038877930
   -0.0019675688     0.0047723246     0.0017617025
   -0.0044999126     0.0041356971    -0.0012665349
    0.0033869689     0.0050943854    -0.0026428639
    0.0007244554     0.0055107015     0.0007462205
   -0.0007025492     0.0046930444     0.0028140445
   -0.0010696730     0.0031675552     0.0045971524
   -0.0005403956     0.0023888873     0.0052517907
   -0.0000070612     0.0027691652     0.0049756574
   -0.0002947132     0.0039451936     0.0037811975
   -0.0017046379     0.0049885269     0.0014871591
   -0.0035241119     0.0048190732    -0.0020214438
    0.0008225392     0.0057771749    -0.0002662063
   -0.0005974347     0.0049908809     0.0021934356
   -0.0007669060     0.0047589974     0.0025150437
   -0.0016705737     0.0054380600     0.0000019787
    0.0001662819     0.0058704625    -0.0009903822
   -0.0008705156     0.0057524166    -0.0009357008
   -0.0010549021     0.0010751062     0.0000896638
   -0.0011321435     0.0003990701     0.0003202190
   -0.0004739421     0.0019751875    -0.0011122816
   -0.0011243580     0.0013696972    -0.0005647966
   -0.0013430213     0.0005992753    -0.0002404701
    0.0004347845     0.0023244552    -0.0019597346
   -0.0006351914     0.0017220748    -0.0013087328
   -0.0011048469     0.0009070452    -0.0008854715
    0.0005070344     0.0022668221    -0.0017647672
   -0.0004376149     0.0014044139    -0.0012678083
   -0.0003344155    -0.0019922946     0.0008189112
   -0.0015234288    -0.0018475728     0.0002815511
   -0.0007894287    -0.0024680660     0.0002090210
    0.0000922060    -0.0027655245     0.0002456218
    0.0009654667    -0.0028124428     0.0003907985
   -0.0017483341    -0.0024215090    -0.0003327028
   -0.0007646003    -0.0031094916    -0.0004849502
    0.0003694624    -0.0035330370    -0.0004671135
   -0.0015082874    -0.0037014310    -0.0011476442
    0.0000346747    -0.0047167440    -0.0013459220
   -0.0006312288     0.0001349586     0.0019800415
   -0.0009366287    -0.0003966589     0.0016922790
   -0.0001931255    -0.0005331079     0.0020710025
    0.0001769470     0.0000683789     0.0022043706
   -0.0005560164    -0.0011465473     0.0014588705
    0.0001755665    -0.0011408538     0.0017251878
    0.0007502536    -0.0007045967     0.0019136093
    0.0009269370    -0.0000132829     0.0020280264
    0.0002470290    -0.0014892701     0.0010422343
    0.0008426249    -0.0012459229     0.0012305397
    0.0018648741     0.0003858337     0.0006365092
    0.0015723954     0.0011451562     0.0003348213
    0.0020247469    -0.0002408270     0.0003909331
    0.0019950194     0.0005502302     0.0001620557
    0.0015807845     0.0013281340    -0.0001174757
    0.0021846322    -0.0000303333    -0.0000201034
    0.0019886899     0.0008194591    -0.0002902954
    0.0013882154     0.0016304951    -0.0005470246
    0.0019879602     0.0012388863    -0.0005413058
    0.0010597024     0.0021459270    -0.0007621035
   -0.0002374350     0.0019909341     0.0007690046
   -0.0009806907     0.0017960337     0.0006991174
    0.0005273902     0.0020772130    -0.0001973077
   -0.0000986527     0.0022647729    -0.0002400567
   -0.0007823867     0.0021919029    -0.0003321737
   -0.0013245230     0.0018924342    -0.0004409767
    0.0001562410     0.0019934625    -0.0015049008
   -0.0003622279     0.0020624798    -0.0016434045
   -0.0008662383     0.0019260742    -0.0018081534
   -0.0012049314     0.0016689910    -0.0019666061
   -0.0066299087     0.0005362643    -0.0009923838
   -0.0062428590    -0.0029000973    -0.0024210857
   -0.0041492589    -0.0055915265    -0.0035416070
   -0.0009094497    -0.0069258912    -0.0041563871
    0.0025110605    -0.0065519235    -0.0042322133
    0.0052264903    -0.0045422875    -0.0039325262
    0.0065706289    -0.0013168401    -0.0032885754
    0.0060659093     0.0024076141    -0.0021705889
   -0.0060739217     0.0011940310    -0.0029258543
   -0.0053911992    -0.0019705087    -0.0046423786
   -0.0031470252    -0.0042812049    -0.0057881630
   -0.0000086038    -0.0050505262    -0.0063268003
    0.0030439835    -0.0040218964    -0.0062493050
    0.0050671586    -0.0014531921    -0.0055663784
    0.0054065161     0.0019321321    -0.0042087908
   -0.0047667885     0.0019538632    -0.0046631265
   -0.0035150457    -0.0008517385    -0.0065259264
   -0.0007668346    -0.0021519042    -0.0074408026
    0.0021246895    -0.0012162503    -0.0073233082
    0.0036664065     0.0015276552    -0.0061267689
    0.0031592143     0.0046749846    -0.0038312378
   -0.0028417622     0.0044757919    -0.0041974305
   -0.0020592705     0.0017431941    -0.0066732663
    0.0006117264     0.0016455922    -0.0070911430
    0.0014636437     0.0044360669    -0.0050568514
   -0.0007414260     0.0043652782    -0.0052436706
