    0.0104941777
    0.0072949873
    0.0040133508
    0.0024238400
    0.0023944295
    0.0039017637
    0.0054956433
    0.0025248156
    0.0022459241
    0.0024608662
    0.0018904002
    0.0019157604
    0.0032743856
    0.0056013222
    0.0015453625
    0.0028361556
    0.0016007150
    0.0021085811
    0.0032469709
    0.0045497664
    0.0059156710
    0.0073460982
    0.0089210933
    0.0108191872
    0.0019041459
    0.0018083638
    0.0029252779
    0.0043467536
    0.0055050969
    0.0062531939
    0.0072102433
    0.0089893269
    0.0120529744
    0.0019253233
    0.0024693884
    0.0049241216
    0.0102894709
    0.0112932589
    0.0022114678
    0.0023781993
    0.0054478660
    0.0159195428
   -0.0176590515
   -0.0039742752
    0.0008360312
    0.0036985941
    0.0019205173
    0.0082732128
    0.0263599944
    0.0112040327
    0.0106879612
    0.0077971372
    0.0118374127
    0.0093040498
    0.0054305086
    0.0045828112
    0.0124896899
    0.0113634713
    0.0085866737
    0.0042440957
    0.0006522625
    0.0001427352
   -0.0021999376
   -0.0025628095
   -0.0059870269
   -0.0077582634
   -0.0139915101
   -0.0126664058
   -0.0074789167
   -0.0137393311
   -0.0194540876
   -0.0245771830
   -0.0059838146
   -0.0172391222
    0.0196937815
    0.0329734199
    0.0239242330
    0.0138176476
    0.0011802867
   -0.0285282052
   -0.0319956109
   -0.0342096565
   -0.0356537992
   -0.0359825136
   -0.0341716939
   -0.0288690381
   -0.0302782596
   -0.0363541079
   -0.0400112879
   -0.0420118512
   -0.0430226068
   -0.0432692178
   -0.0424223688
   -0.0397245512
   -0.0343085281
   -0.0256711352
   -0.0249785216
   -0.0348032724
   -0.0408872492
   -0.0440344724
   -0.0452118360
   -0.0450593812
   -0.0435639179
   -0.0400614521
   -0.0335498348
   -0.0231537763
   -0.0084155381
    0.0065333622
   -0.0111127940
   -0.0237568162
   -0.0340640227
   -0.0395872132
   -0.0415638277
   -0.0409997420
   -0.0380925746
   -0.0321028436
   -0.0217088956
   -0.0054452566
   -0.0077424919
   -0.0190271631
   -0.0287202181
   -0.0320721356
   -0.0304870982
   -0.0240925662
   -0.0115356523
   -0.0013999886
   -0.0141485667
   -0.0156919015
   -0.0016746657
    0.0030766740
    0.0040966929
    0.0038112385
    0.0020591202
    0.0042687012
    0.0052107359
    0.0044978880
   -0.0043097138
   -0.0000068806
    0.0033365473
    0.0048994518
    0.0047240982
    0.0032973514
   -0.0070115467
   -0.0001930690
    0.0030231958
    0.0035263470
   -0.0125468158
   -0.0026137093
    0.0011266747
    0.0063049020
    0.0075780966
    0.0058763364
    0.0084988012
    0.0103521291
    0.0114317304
    0.0120740118
    0.0062085546
    0.0096708970
    0.0124417814
    0.0143580851
    0.0157473610
    0.0175512807
    0.0099760441
    0.0130589200
    0.0160005850
    0.0185900590
    0.0219852577
    0.0298546397
    0.0191770369
    0.0193469337
    0.0238407719
    0.0355267442
    0.0309817699
    0.0108700948
    0.0110221990
    0.0089294838
    0.0084500644
    0.0100512587
    0.0116973234
    0.0121385395
    0.0122391244
    0.0110917297
    0.0058073563
    0.0076849243
    0.0095640736
    0.0110386193
    0.0119863681
    0.0124075924
    0.0071612858
    0.0087188768
    0.0100180653
    0.0111503869
    0.0122616733
    0.0064035723
    0.0126785852
    0.0112741308
    0.0091872456
    0.0053997829
    0.0122838493
    0.0110560253
    0.0087731660
    0.0043103851
   -0.0005504333
    0.0135517570
    0.0124742403
    0.0108061027
    0.0081475566
    0.0015631753
    0.0137454209
    0.0109301606
    0.0071195215
   -0.0025579427
    0.0123164599
    0.0062240932
    0.0095980681
    0.0082865810
    0.0080117472
    0.0084235841
    0.0093461967
    0.0063316159
    0.0060066074
    0.0057337103
    0.0053934430
    0.0055678733
    0.0030107465
    0.0023772453
    0.0019997980
    0.0014413080
    0.0008448929
    0.0009506450
   -0.0030298181
   -0.0040524689
   -0.0050602588
   -0.0061918902
   -0.0070625893
   -0.0177524585
    0.0217892158
    0.0332244444
    0.0392421191
    0.0393677384
    0.0351788653
    0.0260662965
    0.0164868837
    0.0290015198
    0.0367171135
    0.0393431258
    0.0368137508
    0.0289143777
    0.0147105179
    0.0033494177
    0.0178696566
    0.0292882510
    0.0357014364
    0.0363393758
    0.0308796465
    0.0193157955
    0.0097009350
    0.0079678762
    0.0181870093
    0.0287785788
    0.0306140883
    0.0219191336
    0.0217159333
    0.0058940778
    0.0081711093
    0.0060605489
    0.0040236734
    0.0030088658
    0.0030911495
    0.0042030518
    0.0043748145
    0.0024991492
    0.0019067292
    0.0019157214
    0.0020752132
    0.0026523027
    0.0039071895
    0.0018391402
    0.0014044605
    0.0020704933
    0.0024645015
    0.0021583287
    0.0019008530
    0.0022514772
    0.0031368158
    0.0043225638
    0.0056450151
    0.0097525995
   -0.0005249097
    0.0002153471
    0.0026502390
    0.0018934320
    0.0019853776
    0.0026301614
    0.0035048469
    0.0044288702
    0.0053263986
    0.0062212376
    0.0072069488
    0.0083653080
    0.0097616946
   -0.0039866186
    0.0025372705
    0.0018971248
    0.0022580562
    0.0031746191
    0.0042852456
    0.0053028953
    0.0060800431
    0.0067657241
    0.0076715020
    0.0089927690
   -0.0112885960
    0.0023942858
    0.0020595045
    0.0028154500
    0.0043244970
    0.0061644651
    0.0089189155
    0.0094696878
    0.0106142383
    0.0018990513
    0.0021570946
    0.0033159677
    0.0054974010
    0.0126591492
    0.0133672993
   -0.0109513757
   -0.0029713358
    0.0005109721
    0.0024214957
    0.0046244240
    0.0179027024
   -0.0042202724
    0.0017502680
    0.0054432166
    0.0051775791
    0.0105739631
    0.0078997484
    0.0076641573
    0.0087451063
    0.0067411412
    0.0098404590
    0.0079273050
    0.0053235108
    0.0046193650
    0.0036168944
    0.0089133511
    0.0070770486
    0.0041655687
    0.0023278343
    0.0018244045
    0.0099767140
    0.0067212751
    0.0033709140
    0.0003621462
   -0.0015468146
   -0.0023596830
   -0.0054415580
   -0.0044554974
    0.0105551907
   -0.0019576077
   -0.0051655787
   -0.0075941881
   -0.0094155196
   -0.0139254221
   -0.0146137555
   -0.0133916795
   -0.0093870053
   -0.0051904451
   -0.0099336572
   -0.0143334170
   -0.0184192299
   -0.0220534702
   -0.0031155125
   -0.0100421744
   -0.0172265520
    0.0167517975
    0.0144949266
   -0.0076023663
    0.0247683015
    0.0201542738
    0.0150645508
    0.0090767649
    0.0015543134
    0.0140345740
   -0.0217018582
   -0.0243139979
   -0.0264734219
   -0.0279142100
   -0.0287815272
   -0.0289577633
   -0.0280873876
   -0.0256583999
   -0.0210790365
   -0.0207623024
   -0.0257529053
   -0.0292153357
   -0.0314420059
   -0.0327634742
   -0.0334102189
   -0.0334164360
   -0.0325993653
   -0.0306100997
   -0.0270446023
   -0.0216236818
   -0.0144924483
   -0.0160567452
   -0.0232435660
   -0.0284628518
   -0.0319213162
   -0.0339618412
   -0.0349362211
   -0.0350695462
   -0.0343740303
   -0.0326410192
   -0.0295120240
   -0.0246136797
   -0.0177303706
   -0.0089280581
   -0.0069102091
   -0.0161032792
   -0.0238604870
   -0.0290831864
   -0.0321443015
   -0.0335039072
   -0.0335162855
   -0.0322753567
   -0.0295724635
   -0.0249816328
   -0.0180285894
   -0.0083524238
    0.0042168755
    0.0072935018
   -0.0056669918
   -0.0144182820
   -0.0224503808
   -0.0271027403
   -0.0289751485
   -0.0285652253
   -0.0259756156
   -0.0208462629
   -0.0125401760
   -0.0004591684
   -0.0026372061
   -0.0121000746
   -0.0193472342
   -0.0214321677
   -0.0189800936
   -0.0118322388
    0.0006427437
    0.0008444799
   -0.0087494933
   -0.0100404447
   -0.0007467348
    0.0030651434
    0.0026418521
    0.0022966414
    0.0026336193
    0.0013154639
    0.0025907787
    0.0032380297
    0.0030563723
   -0.0026610578
   -0.0000248939
    0.0020636413
    0.0031726757
    0.0032993832
   -0.0082760497
   -0.0031293896
    0.0003228472
    0.0022037783
    0.0028019230
   -0.0093202333
   -0.0029940945
    0.0003159246
    0.0016967845
   -0.0085195371
   -0.0021694090
    0.0068748764
    0.0079515743
    0.0086738367
    0.0074279823
    0.0091129692
    0.0103713888
    0.0113244019
    0.0122741549
    0.0083531384
    0.0104476895
    0.0121838192
    0.0136637851
    0.0152469458
    0.0176709191
    0.0108285738
    0.0128819781
    0.0150588952
    0.0175373327
    0.0214667427
    0.0182078951
    0.0224408100
    0.0085342718
    0.0087882079
    0.0072513764
    0.0068385038
    0.0079494510
    0.0091879588
    0.0095784154
    0.0099174208
    0.0091901856
    0.0055837590
    0.0068801416
    0.0081219647
    0.0091074638
    0.0097605641
    0.0100517669
    0.0058367162
    0.0070312397
    0.0080543292
    0.0089111250
    0.0096388637
    0.0102596837
    0.0092694368
    0.0075874501
    0.0047346451
    0.0099557927
    0.0087508168
    0.0069992817
    0.0037842568
    0.0109390123
    0.0099728409
    0.0085326178
    0.0064911517
    0.0023839774
    0.0120167526
    0.0103674765
    0.0084058405
    0.0058209186
    0.0002455513
    0.0117771819
    0.0087045176
    0.0050807675
    0.0108504055
    0.0048949247
    0.0075697327
    0.0062985366
    0.0059690643
    0.0065805342
    0.0051533349
    0.0044787131
    0.0040990876
    0.0038673697
    0.0039929215
    0.0021028158
    0.0015503904
    0.0010920125
    0.0006780913
    0.0005010058
    0.0009560348
   -0.0024599427
   -0.0032443505
   -0.0040036012
   -0.0046682005
   -0.0048910018
   -0.0104038464
   -0.0118502676
   -0.0132230596
    0.0158206727
    0.0241613655
    0.0297670932
    0.0318135697
    0.0307149217
    0.0267880506
    0.0196245826
    0.0116880888
    0.0206073705
    0.0268224493
    0.0301220953
    0.0303256680
    0.0274332066
    0.0213025712
    0.0116280198
    0.0079000543
    0.0173005051
    0.0241598104
    0.0275798173
    0.0271275729
    0.0226813704
    0.0144354621
    0.0065729426
    0.0051282234
    0.0129024029
    0.0210997414
    0.0225475851
    0.0158678229
    0.0154618328
    0.0066864209
    0.0051559409
    0.0049451841
    0.0078531738
    0.0066420122
    0.0051896892
    0.0038594571
    0.0032095760
    0.0033211793
    0.0041137737
    0.0082894740
    0.0054859991
    0.0037738426
    0.0025658764
    0.0021079341
    0.0021362155
    0.0024280861
    0.0030313387
    0.0040346402
    0.0053781029
    0.0023174987
    0.0014702830
    0.0014292342
    0.0016815567
    0.0018676440
    0.0020113538
    0.0023340671
    0.0029510896
    0.0038254620
    0.0048591742
    0.0059364839
    0.0085552607
    0.0086457190
    0.0007960445
    0.0002485874
    0.0007840304
    0.0015988334
    0.0020552514
    0.0020452449
    0.0019319336
    0.0020591165
    0.0025043331
    0.0031805514
    0.0039780000
    0.0048130074
    0.0056281432
    0.0063920746
    0.0070997944
    0.0077615801
    0.0083692973
   -0.0019114911
   -0.0004755937
    0.0022540942
    0.0019537742
    0.0019950224
    0.0023818234
    0.0029929560
    0.0037054262
    0.0044277317
    0.0051093135
    0.0057532773
    0.0064068788
    0.0071229113
    0.0079306140
   -0.0038228735
    0.0021791407
    0.0019663695
    0.0021851153
    0.0027634357
    0.0035551824
    0.0044126922
    0.0052049483
    0.0058626494
    0.0064253339
    0.0070114236
    0.0077286614
    0.0086435293
   -0.0083874362
    0.0020186391
    0.0020348482
    0.0024769205
    0.0033200467
    0.0044308791
    0.0056173518
    0.0066536357
    0.0073927068
    0.0078892160
    0.0083539734
    0.0089744314
    0.0098481193
   -0.0119382768
    0.0014681980
    0.0019556590
    0.0026736321
    0.0038004520
    0.0053008776
    0.0104566590
    0.0109405389
   -0.0073032560
   -0.0023236176
    0.0002936632
    0.0018313208
    0.0032161798
    0.0049182537
    0.0070424961
    0.0137201794
   -0.0066568407
   -0.0012418653
    0.0018718306
    0.0041748076
    0.0065200655
    0.0189525609
    0.0030981093
    0.0066513186
    0.0099456081
    0.0240308812
    0.0117742277
    0.0160076680
    0.0210855490
    0.0063968853
    0.0061188230
    0.0073113979
    0.0058131570
    0.0055035795
    0.0052016359
    0.0083261840
    0.0068242677
    0.0049693312
    0.0042845414
    0.0075932016
    0.0062056582
    0.0041712761
    0.0029785690
    0.0024089537
    0.0011411052
    0.0082204888
    0.0071290442
    0.0056920429
    0.0034129044
    0.0016420091
    0.0004059424
   -0.0001967493
   -0.0019241270
    0.0082110433
    0.0071219671
    0.0054035738
    0.0027730927
    0.0004268395
   -0.0014967655
   -0.0029254452
   -0.0038937176
   -0.0070271867
   -0.0065366581
   -0.0011582073
   -0.0038073869
   -0.0060804743
   -0.0080119983
   -0.0096448076
   -0.0110574736
   -0.0123249730
   -0.0133717747
   -0.0138786604
   -0.0133863065
   -0.0114831578
   -0.0032689208
   -0.0067765960
   -0.0100908679
   -0.0132154045
   -0.0160961840
   -0.0186522891
    0.0108721388
   -0.0015261438
   -0.0061326078
   -0.0108572896
   -0.0156623543
    0.0128296044
    0.0111997264
   -0.0040294949
   -0.0104292888
    0.0168586452
    0.0139504667
    0.0106290114
    0.0066181104
    0.0017098163
    0.0237830509
    0.0193408734
    0.0142030298
    0.0083198659
    0.0014914705
   -0.0195072948
   -0.0204701902
   -0.0209678040
   -0.0208254293
   -0.0197700313
   -0.0174463606
   -0.0204923074
   -0.0225769586
   -0.0239855200
   -0.0248570080
   -0.0252404212
   -0.0250714780
   -0.0241818303
   -0.0223322816
   -0.0192654590
   -0.0147939436
   -0.0158917185
   -0.0200873177
   -0.0231796376
   -0.0253120976
   -0.0266608607
   -0.0273768709
   -0.0275341425
   -0.0271031701
   -0.0259552473
   -0.0238961836
   -0.0207284769
   -0.0163492097
   -0.0108919893
   -0.0110831609
   -0.0167031159
   -0.0210301812
   -0.0241401875
   -0.0261880558
   -0.0273535591
   -0.0277818806
   -0.0275363443
   -0.0265770052
   -0.0247715809
   -0.0219367359
   -0.0179029357
   -0.0125890561
   -0.0060462382
    0.0016013270
    0.0036720103
   -0.0042189889
   -0.0105233673
   -0.0164608014
   -0.0208101673
   -0.0237024563
   -0.0253378372
   -0.0259064711
   -0.0255158394
   -0.0241498500
   -0.0216743533
   -0.0178869261
   -0.0125927275
   -0.0056778628
    0.0028341386
    0.0058992083
   -0.0030024477
   -0.0094391224
   -0.0156524138
   -0.0196244027
   -0.0215937261
   -0.0218130520
   -0.0203888941
   -0.0172180205
   -0.0120513973
   -0.0046574784
    0.0049331722
   -0.0009533904
   -0.0078029945
   -0.0134700524
   -0.0158191625
   -0.0150798014
   -0.0113077789
   -0.0043820259
    0.0010856070
   -0.0063630068
   -0.0074363325
   -0.0006980763
    0.0021764713
    0.0016302743
    0.0016689930
    0.0022396992
   -0.0010329379
    0.0006309106
    0.0018212665
    0.0023854187
   -0.0031202242
   -0.0006016259
    0.0010776547
    0.0019856879
    0.0022712298
   -0.0080981133
   -0.0033616161
   -0.0004585008
    0.0011368218
   -0.0049701113
   -0.0011761631
    0.0068162171
    0.0077898347
    0.0085663671
    0.0077385999
    0.0090475249
    0.0101418488
    0.0111516960
    0.0081207652
    0.0098121167
    0.0113466044
    0.0128408419
    0.0146371913
    0.0121766653
    0.0140614823
    0.0165336251
    0.0206997997
    0.0173852365
    0.0213108432
    0.0070572121
    0.0073188750
    0.0061606426
    0.0058219875
    0.0066280706
    0.0075830760
    0.0079104193
    0.0082857653
    0.0059308487
    0.0068912593
    0.0076750270
    0.0082014709
    0.0084245387
    0.0062949151
    0.0071244864
    0.0078112887
    0.0083639552
    0.0087703339
    0.0074991081
    0.0059985066
    0.0034371757
    0.0084165044
    0.0071581754
    0.0055034710
    0.0026158578
    0.0096355645
    0.0084035339
    0.0068926246
    0.0049925454
    0.0011359902
    0.0091575017
    0.0070147149
    0.0044318665
    0.0077660613
    0.0040144038
    0.0051036534
    0.0047610946
    0.0035834971
    0.0031349288
    0.0029645841
    0.0032070232
    0.0019378794
    0.0012738879
    0.0007996853
    0.0004807805
    0.0004551666
   -0.0014224933
   -0.0021490875
   -0.0027619847
   -0.0032450872
   -0.0034288867
   -0.0075100239
   -0.0084113728
    0.0086856004
    0.0159468301
    0.0214204121
    0.0247814994
    0.0257355208
    0.0244971511
    0.0211654205
    0.0155097701
    0.0094045113
    0.0163523163
    0.0212481967
    0.0238501115
    0.0239922088
    0.0216585111
    0.0167919525
    0.0093088011
    0.0058948141
    0.0132069368
    0.0186234967
    0.0213440286
    0.0209797067
    0.0174553790
    0.0110333743
    0.0094081197
    0.0158708574
    0.0170346254
    0.0118004626
    0.0113241597
    0.0054759040
    0.0055005900
    0.0044203664
    0.0042679839
    0.0052317846
    0.0063956129
    0.0054891233
    0.0044036307
    0.0034427227
    0.0029978999
    0.0031197213
    0.0037183594
    0.0047157447
    0.0068287921
    0.0035275853
    0.0025763794
    0.0021083046
    0.0020556223
    0.0022505240
    0.0026303229
    0.0032267550
    0.0040456798
    0.0050125656
    0.0072350561
    0.0022714467
    0.0014729134
    0.0012668308
    0.0014076390
    0.0016450164
    0.0018777443
    0.0021613790
    0.0025862186
    0.0031819943
    0.0039147781
    0.0047179748
    0.0055111964
    0.0062124971
    0.0067575557
    0.0071162807
    0.0072839088
    0.0072477982
    0.0003956897
    0.0002492583
    0.0006213255
    0.0011323818
    0.0015124827
    0.0017073649
    0.0018414843
    0.0020644065
    0.0024445005
    0.0029692290
    0.0035896549
    0.0042520999
    0.0049095595
    0.0055257854
    0.0060781103
    0.0065564626
    0.0069541820
    0.0072451546
   -0.0013390542
   -0.0004236240
    0.0005929151
    0.0013444896
    0.0016972940
    0.0017756683
    0.0018112667
    0.0019711182
    0.0023039626
    0.0027797273
    0.0033416121
    0.0039347837
    0.0045178034
    0.0050691243
    0.0055887330
    0.0060900977
    0.0065857321
    0.0070737017
   -0.0033391779
   -0.0015458162
    0.0017997236
    0.0017990262
    0.0019111303
    0.0022117329
    0.0026806947
    0.0032588018
    0.0038795098
    0.0044837821
    0.0050343153
    0.0055282937
    0.0059947270
    0.0064732369
    0.0069917152
    0.0075626333
   -0.0078187041
   -0.0048467743
    0.0015329647
    0.0016953246
    0.0018301343
    0.0021148726
    0.0025935700
    0.0032336184
    0.0039680345
    0.0047149248
    0.0053956729
    0.0059641595
    0.0064301853
    0.0068506752
    0.0072912539
    0.0077940341
   -0.0114856843
   -0.0068404290
    0.0012425200
    0.0016727045
    0.0021348631
    0.0027674593
    0.0035899791
    0.0045503743
    0.0055481057
    0.0064583137
    0.0071838804
    0.0077129546
    0.0081240018
    0.0085236548
    0.0089764809
   -0.0118669003
   -0.0063578519
   -0.0027115390
   -0.0004841261
    0.0008412527
    0.0017656414
    0.0026466990
    0.0036662879
    0.0048666308
    0.0061825423
    0.0098321617
    0.0102685122
    0.0107207443
   -0.0069781509
   -0.0027012667
   -0.0000684984
    0.0016837173
    0.0031147294
    0.0045600880
    0.0061517905
    0.0078442132
    0.0124519499
    0.0131575988
   -0.0029998848
    0.0006447588
    0.0031073325
    0.0051448249
    0.0071664602
    0.0092769235
    0.0161122815
    0.0013841811
    0.0049423194
    0.0077114204
    0.0103710802
    0.0131068440
    0.0186605149
    0.0110257905
    0.0145737312
    0.0187526095
    0.0052697645
    0.0050072135
    0.0061470198
    0.0049053264
    0.0044335098
    0.0042427833
    0.0040293742
    0.0058238038
    0.0043809120
    0.0036884986
    0.0033846200
    0.0033210403
    0.0028935073
    0.0026313028
    0.0064607956
    0.0053684069
    0.0037846025
    0.0028161038
    0.0021853767
    0.0019193521
    0.0010994473
    0.0009365358
    0.0069941957
    0.0060435508
    0.0049301098
    0.0032068379
    0.0019191012
    0.0008960940
    0.0002168123
   -0.0001469378
   -0.0015038520
   -0.0011803317
    0.0074039824
    0.0067792720
    0.0058305692
    0.0045849994
    0.0026415145
    0.0009975393
   -0.0004428420
   -0.0015967180
   -0.0024547369
   -0.0030713867
   -0.0035605628
   -0.0049379491
   -0.0049554825
   -0.0043552265
    0.0074558147
    0.0068284507
    0.0057694254
    0.0043121158
    0.0019890704
   -0.0000366712
   -0.0019156076
   -0.0035731087
   -0.0049940903
   -0.0061928290
   -0.0072085434
   -0.0080945600
   -0.0088718619
   -0.0094683588
   -0.0097037862
   -0.0093444621
   -0.0081773723
    0.0080933739
    0.0077241280
    0.0011177307
   -0.0013147893
   -0.0036736632
   -0.0058929227
   -0.0079531927
   -0.0098413038
   -0.0115405768
   -0.0130328416
   -0.0142845515
   -0.0152127654
   -0.0156597047
   -0.0154096955
   -0.0142485729
   -0.0120204319
    0.0086966992
   -0.0001189638
   -0.0031232698
   -0.0061554685
   -0.0091535062
   -0.0120782191
   -0.0148690202
    0.0096931684
    0.0085948525
   -0.0016002774
   -0.0054203636
   -0.0094237389
   -0.0135389169
    0.0114533288
    0.0096997128
    0.0076036492
    0.0050285291
    0.0019303856
   -0.0031672184
   -0.0082418178
    0.0146257461
    0.0120153490
    0.0090078352
    0.0055043683
    0.0014390085
    0.0201399385
    0.0164731859
    0.0121817134
    0.0072847998
    0.0017199458
   -0.0170217406
   -0.0176329550
   -0.0178691645
   -0.0176310500
   -0.0167712523
   -0.0151020704
   -0.0175822927
   -0.0189810855
   -0.0199420900
   -0.0205197184
   -0.0207206910
   -0.0204983770
   -0.0197584143
   -0.0183730251
   -0.0162030138
   -0.0131354911
   -0.0147885403
   -0.0174550844
   -0.0194520836
   -0.0208649137
   -0.0217798303
   -0.0222597874
   -0.0223261301
   -0.0219508767
   -0.0210608116
   -0.0195529362
   -0.0173214980
   -0.0143011715
   -0.0105362279
   -0.0077979907
   -0.0121151304
   -0.0156259587
   -0.0183413889
   -0.0203232365
   -0.0216589577
   -0.0224350991
   -0.0227125702
   -0.0225091618
   -0.0217937415
   -0.0204932644
   -0.0185124893
   -0.0157650494
   -0.0122134811
   -0.0079068364
   -0.0029762448
   -0.0077722506
   -0.0123668749
   -0.0159772087
   -0.0186329169
   -0.0204192820
   -0.0214401626
   -0.0217812404
   -0.0214813671
   -0.0205195384
   -0.0188214822
   -0.0162846809
   -0.0128167974
   -0.0083763908
   -0.0029977011
    0.0032107042
    0.0106681873
    0.0040066426
   -0.0022535223
   -0.0069704427
   -0.0116649888
   -0.0152052185
   -0.0176341242
   -0.0190497629
   -0.0195527814
   -0.0192020598
   -0.0179904681
   -0.0158484792
   -0.0126748576
   -0.0083848891
   -0.0029641945
    0.0034704307
    0.0054551646
   -0.0011863428
   -0.0061694608
   -0.0109486811
   -0.0141289237
   -0.0157752258
   -0.0159980744
   -0.0148506212
   -0.0122917882
   -0.0082311673
   -0.0026454484
    0.0042396317
    0.0073428234
    0.0000883713
   -0.0052022970
   -0.0094616026
   -0.0113232297
   -0.0108066753
   -0.0079594104
   -0.0028707058
    0.0039408809
    0.0011277863
   -0.0044520648
   -0.0052875642
   -0.0005565105
    0.0015124098
    0.0009666238
    0.0008863682
    0.0015987676
   -0.0013499808
    0.0001938326
    0.0012126167
   -0.0033727996
   -0.0010406975
    0.0004696258
   -0.0030023448
   -0.0006351548
    0.0078754141
    0.0078453988
    0.0089215933
    0.0099200017
    0.0109643974
    0.0097350744
    0.0110334693
    0.0124604448
    0.0132663587
    0.0156519029
    0.0060139687
    0.0056947720
    0.0064481544
    0.0067131590
    0.0059835469
    0.0066152959
    0.0070388145
    0.0072024358
    0.0064455231
    0.0069499743
    0.0062024061
    0.0048488207
    0.0072199055
    0.0059539751
    0.0044074646
    0.0074526326
    0.0058589948
    0.0039601423
    0.0060851992
    0.0035557923
    0.0025344785
    0.0024043157
    0.0012226099
    0.0007439575
    0.0004476480
    0.0003920880
   -0.0013940241
   -0.0019310240
   -0.0023208172
   -0.0024799669
    0.0099813260
    0.0149585223
    0.0185898303
    0.0206250124
    0.0209668609
    0.0197189316
    0.0169075883
    0.0124120962
    0.0100471991
    0.0147055289
    0.0178705051
    0.0193537012
    0.0190634382
    0.0169921108
    0.0131305795
    0.0102528187
    0.0146064433
    0.0168079191
    0.0165130111
    0.0136753583
    0.0085767679
    0.0070023603
    0.0121798436
    0.0131298949
    0.0089582227
    0.0084751204
