    0.0113889139
    0.0077204535
    0.0043840311
    0.0031289367
    0.0035659659
    0.0056957832
    0.0050951430
    0.0022341589
    0.0024225853
    0.0030617426
    0.0027983276
    0.0031946700
    0.0050956463
    0.0081401572
    0.0007211281
    0.0037252702
    0.0027607117
    0.0037243172
    0.0054062212
    0.0072816022
    0.0091126654
    0.0107191192
    0.0120781322
    0.0134432792
    0.0029876918
    0.0033696409
    0.0050912849
    0.0071497335
    0.0088115271
    0.0097499404
    0.0105739827
    0.0120312875
    0.0150063102
    0.0030390269
    0.0042878324
    0.0076884290
    0.0142403925
    0.0147558325
    0.0026226014
    0.0036333359
    0.0079214295
    0.0198624536
   -0.0208891561
   -0.0058570512
    0.0003362922
    0.0045067050
    0.0004234427
    0.0085471891
    0.0273552635
    0.0120030748
    0.0113067541
    0.0081950027
    0.0129773084
    0.0099025622
    0.0058613786
    0.0047059498
    0.0144453969
    0.0129237546
    0.0096744019
    0.0052640291
    0.0006683531
   -0.0001509367
   -0.0033278300
   -0.0021948048
   -0.0065120231
   -0.0084899752
   -0.0153291478
   -0.0148014866
   -0.0070083111
   -0.0144928661
   -0.0207347085
   -0.0259415934
   -0.0043125563
   -0.0174731389
    0.0232014261
    0.0352805010
    0.0266844927
    0.0167195667
    0.0031522605
   -0.0300690948
   -0.0337659387
   -0.0361434113
   -0.0378295695
   -0.0385689097
   -0.0373295193
   -0.0324635314
   -0.0318459296
   -0.0384904217
   -0.0423273460
   -0.0443434210
   -0.0453859989
   -0.0458157208
   -0.0453561222
   -0.0431734029
   -0.0381674146
   -0.0294715782
   -0.0265279081
   -0.0371367335
   -0.0434763565
   -0.0465447169
   -0.0475729030
   -0.0474283675
   -0.0461982251
   -0.0431317960
   -0.0369657574
   -0.0265095984
   -0.0111244371
    0.0075911685
   -0.0113758461
   -0.0257122111
   -0.0364698370
   -0.0419602556
   -0.0437009920
   -0.0430150982
   -0.0402306005
   -0.0344560484
   -0.0240343758
   -0.0072410944
   -0.0087679931
   -0.0205249596
   -0.0304219666
   -0.0336001707
   -0.0318332596
   -0.0253302574
   -0.0124441507
   -0.0021242687
   -0.0147239659
   -0.0160921282
   -0.0014238497
    0.0029666093
    0.0043578094
    0.0043949093
    0.0014832432
    0.0042553295
    0.0055783576
    0.0050937577
   -0.0061079615
   -0.0010211703
    0.0030471237
    0.0050705818
    0.0051551373
    0.0041114853
   -0.0092436557
   -0.0012938886
    0.0026853393
    0.0036837988
   -0.0155345333
   -0.0042587481
    0.0004940168
    0.0096830683
    0.0113299509
    0.0087130999
    0.0118960261
    0.0142045247
    0.0155012535
    0.0161666466
    0.0084483886
    0.0127192408
    0.0162064682
    0.0185003905
    0.0198841011
    0.0214740757
    0.0117243629
    0.0158819480
    0.0196116599
    0.0224543552
    0.0255819699
    0.0328450139
    0.0205784628
    0.0219700769
    0.0269128418
    0.0380346346
    0.0329934344
    0.0136927759
    0.0133671851
    0.0110596688
    0.0108606135
    0.0129975532
    0.0149531128
    0.0150747975
    0.0143275673
    0.0126606919
    0.0079283627
    0.0102785034
    0.0126440905
    0.0143919111
    0.0152343205
    0.0151695501
    0.0100177684
    0.0119320435
    0.0133326569
    0.0142380422
    0.0147806258
    0.0076195948
    0.0150721489
    0.0135654403
    0.0111353141
    0.0072849868
    0.0153298159
    0.0140730003
    0.0114336726
    0.0067779694
    0.0009320970
    0.0171539781
    0.0160696506
    0.0143492304
    0.0113371238
    0.0041245986
    0.0176000613
    0.0147089118
    0.0105069430
   -0.0003547149
    0.0159993406
    0.0094364055
    0.0100959002
    0.0088935487
    0.0084824582
    0.0085552480
    0.0099110800
    0.0066726756
    0.0064887953
    0.0062394703
    0.0056057188
    0.0053170507
    0.0029588716
    0.0023636650
    0.0021754552
    0.0016311157
    0.0007579367
    0.0003885501
   -0.0035169701
   -0.0044399015
   -0.0053355281
   -0.0065425746
   -0.0077228122
   -0.0186515725
    0.0214973366
    0.0345923558
    0.0413191602
    0.0412373952
    0.0369739010
    0.0278937679
    0.0156050228
    0.0291559742
    0.0377869849
    0.0407533518
    0.0381030989
    0.0297711103
    0.0147798878
    0.0032824394
    0.0178728638
    0.0298853234
    0.0368523022
    0.0375854161
    0.0317275122
    0.0194520182
    0.0101395207
    0.0086497512
    0.0188986818
    0.0298102454
    0.0317110046
    0.0225321002
    0.0226347168
    0.0070343967
    0.0089467137
    0.0064832115
    0.0043570629
    0.0035087639
    0.0039369950
    0.0055681147
    0.0041574100
    0.0022905846
    0.0019109564
    0.0022028994
    0.0026713592
    0.0036304798
    0.0053806322
    0.0011634451
    0.0009243963
    0.0019339373
    0.0026309642
    0.0025401206
    0.0025305636
    0.0032266962
    0.0045228811
    0.0061548712
    0.0079198103
    0.0118577370
   -0.0016121258
   -0.0006377649
    0.0030647554
    0.0025078071
    0.0029326139
    0.0039592907
    0.0052196378
    0.0065056263
    0.0076837074
    0.0087153772
    0.0096690057
    0.0106458228
    0.0118173084
   -0.0055573280
    0.0029788659
    0.0026167267
    0.0033952618
    0.0047733623
    0.0063415890
    0.0077370770
    0.0087169854
    0.0094124505
    0.0102049572
    0.0114093119
   -0.0137978771
    0.0027294226
    0.0027754325
    0.0040760091
    0.0062278767
    0.0087380763
    0.0120159619
    0.0123061224
    0.0133661469
    0.0018159840
    0.0025888170
    0.0044237170
    0.0074562353
    0.0158750239
    0.0163629149
   -0.0138952057
   -0.0046963409
   -0.0002681266
    0.0024649092
    0.0055753841
    0.0208641226
   -0.0065336858
    0.0006906564
    0.0055333101
    0.0035624825
    0.0102936347
    0.0082463290
    0.0079185570
    0.0093225605
    0.0070026499
    0.0108823114
    0.0084187610
    0.0055470831
    0.0046813364
    0.0030750755
    0.0099068028
    0.0076701075
    0.0045885428
    0.0022698674
    0.0016118897
    0.0116889043
    0.0077538246
    0.0042895235
    0.0004647729
   -0.0019481944
   -0.0029035898
   -0.0065511448
   -0.0059300768
    0.0129365731
   -0.0016261055
   -0.0056063177
   -0.0084431965
   -0.0103606108
   -0.0150800584
   -0.0162133074
   -0.0154752815
   -0.0116336559
   -0.0048219453
   -0.0105283734
   -0.0155326698
   -0.0199140247
   -0.0236590763
   -0.0018381461
   -0.0100949589
   -0.0183441685
    0.0196778950
    0.0175011956
   -0.0073137891
    0.0271675051
    0.0224732516
    0.0175529314
    0.0114259915
    0.0031244175
    0.0153020027
   -0.0236440292
   -0.0261371706
   -0.0284157465
   -0.0299501995
   -0.0309751703
   -0.0314199428
   -0.0309270464
   -0.0289096431
   -0.0245534931
   -0.0221621330
   -0.0277690991
   -0.0315048189
   -0.0338099891
   -0.0351448862
   -0.0358469409
   -0.0360194800
   -0.0354948382
   -0.0338735637
   -0.0306325160
   -0.0253073665
   -0.0178254114
   -0.0172862694
   -0.0252641242
   -0.0309154946
   -0.0345134079
   -0.0365224630
   -0.0374307521
   -0.0375767543
   -0.0370316646
   -0.0355710537
   -0.0327442610
   -0.0280326888
   -0.0210678256
   -0.0118083949
   -0.0070431135
   -0.0178832276
   -0.0262000164
   -0.0316447496
   -0.0346726391
   -0.0359033308
   -0.0358463194
   -0.0346779481
   -0.0321618038
   -0.0277420262
   -0.0207698410
   -0.0107488800
    0.0025309735
    0.0072388464
   -0.0066134529
   -0.0162194268
   -0.0246199268
   -0.0293033366
   -0.0310377166
   -0.0305194001
   -0.0279329419
   -0.0228252005
   -0.0143585464
   -0.0017704900
   -0.0037334298
   -0.0135040364
   -0.0209303059
   -0.0229028455
   -0.0202959874
   -0.0129276993
    0.0000760143
    0.0000857038
   -0.0095310172
   -0.0107268643
   -0.0009524177
    0.0028041156
    0.0026476782
    0.0021948143
    0.0028081628
    0.0007652382
    0.0023980956
    0.0033238744
    0.0033580417
   -0.0040116457
   -0.0008603038
    0.0016999491
    0.0031384034
    0.0034858412
   -0.0104856217
   -0.0045742601
   -0.0004617879
    0.0018735912
    0.0027827030
   -0.0118403730
   -0.0045373274
   -0.0005321275
    0.0013562454
   -0.0111361948
   -0.0036966484
    0.0096380066
    0.0109812524
    0.0118456717
    0.0099085601
    0.0120309917
    0.0135598646
    0.0146039057
    0.0155378568
    0.0103894813
    0.0130898928
    0.0152336564
    0.0168730644
    0.0184069587
    0.0206996687
    0.0122608290
    0.0151079596
    0.0177809550
    0.0203873696
    0.0241336243
    0.0200136359
    0.0246522336
    0.0106439787
    0.0105480782
    0.0088342490
    0.0086482896
    0.0101833789
    0.0116523300
    0.0117957728
    0.0115792947
    0.0104430222
    0.0073536469
    0.0090362616
    0.0105990666
    0.0117215238
    0.0122561626
    0.0121903848
    0.0079618349
    0.0094655250
    0.0106670444
    0.0115170647
    0.0120338323
    0.0122484812
    0.0109003825
    0.0088957205
    0.0059923900
    0.0121983258
    0.0108493133
    0.0087861929
    0.0054582290
    0.0136849777
    0.0126249692
    0.0110549609
    0.0087005364
    0.0042772944
    0.0150375109
    0.0132872206
    0.0111849129
    0.0082732825
    0.0020454738
    0.0147662377
    0.0115227066
    0.0075276851
    0.0134744103
    0.0070453116
    0.0078539472
    0.0066004888
    0.0061521829
    0.0066043851
    0.0053125496
    0.0046722525
    0.0042996680
    0.0039176687
    0.0037754982
    0.0019709153
    0.0014966913
    0.0010759912
    0.0005571232
    0.0001289569
    0.0002776880
   -0.0029262934
   -0.0036387426
   -0.0044071036
   -0.0052263843
   -0.0057382569
   -0.0112745897
   -0.0127530748
   -0.0142943734
    0.0151248108
    0.0246990572
    0.0311833369
    0.0334236296
    0.0322000753
    0.0281411115
    0.0206989993
    0.0108297888
    0.0204929528
    0.0274175766
    0.0311468560
    0.0314313542
    0.0283588745
    0.0218093677
    0.0114504693
    0.0075662945
    0.0173348003
    0.0246909195
    0.0284382194
    0.0279795843
    0.0231996896
    0.0143889048
    0.0065847062
    0.0052721143
    0.0131815101
    0.0216994247
    0.0232180400
    0.0161385430
    0.0159093137
    0.0077977524
    0.0060255190
    0.0060406142
    0.0089606397
    0.0073114607
    0.0056050506
    0.0042000048
    0.0036533565
    0.0040175037
    0.0051926467
    0.0092461372
    0.0055838998
    0.0037124557
    0.0024975526
    0.0021590474
    0.0023903853
    0.0029439139
    0.0038699488
    0.0052629712
    0.0070484631
    0.0018925788
    0.0010740529
    0.0011795170
    0.0016332307
    0.0020323243
    0.0024042777
    0.0029944721
    0.0039184170
    0.0051259824
    0.0065028754
    0.0078937879
    0.0102733890
    0.0099296333
    0.0000632288
   -0.0004711465
    0.0002559527
    0.0013309885
    0.0020195601
    0.0021950510
    0.0022833700
    0.0026663326
    0.0034020950
    0.0043757411
    0.0054640001
    0.0065645066
    0.0075822746
    0.0084435480
    0.0091188069
    0.0096213991
    0.0099732337
   -0.0029996626
   -0.0013133217
    0.0024167281
    0.0023022138
    0.0026027462
    0.0032827116
    0.0041858122
    0.0051747601
    0.0061426802
    0.0070120193
    0.0077617620
    0.0084333725
    0.0090912760
    0.0097934087
   -0.0052245215
    0.0023483350
    0.0023702517
    0.0028997386
    0.0038150597
    0.0049416387
    0.0061123357
    0.0071596232
    0.0079735935
    0.0085849487
    0.0091430855
    0.0098042951
    0.0107127347
   -0.0104709155
    0.0020744512
    0.0023861208
    0.0032002379
    0.0044553409
    0.0059959843
    0.0075942571
    0.0089481753
    0.0098379521
    0.0103205290
    0.0106877930
    0.0112318731
    0.0121945524
   -0.0146222521
    0.0011832768
    0.0020518132
    0.0032108760
    0.0048373909
    0.0068898684
    0.0130316675
    0.0133624346
   -0.0096184356
   -0.0037798173
   -0.0004998054
    0.0016082659
    0.0035695976
    0.0059044828
    0.0087370481
    0.0162305955
   -0.0090808662
   -0.0027104186
    0.0012008682
    0.0042294691
    0.0073183530
    0.0211183895
    0.0019791796
    0.0064571696
    0.0106386736
    0.0259055838
    0.0113786114
    0.0165450477
    0.0223189222
    0.0066860227
    0.0063399557
    0.0078750787
    0.0060632106
    0.0056757486
    0.0052196017
    0.0092894530
    0.0073209604
    0.0051879845
    0.0043492475
    0.0084357522
    0.0066989440
    0.0044527584
    0.0029832610
    0.0022805929
    0.0004563641
    0.0094672730
    0.0080657042
    0.0063109243
    0.0038781400
    0.0016820425
    0.0001513404
   -0.0005652735
   -0.0029155341
    0.0097191504
    0.0084140970
    0.0063308842
    0.0035588586
    0.0006377175
   -0.0017349581
   -0.0034528448
   -0.0045405658
   -0.0081400375
   -0.0079082594
   -0.0008010274
   -0.0040333963
   -0.0067263738
   -0.0089142649
   -0.0106603824
   -0.0121104668
   -0.0134387768
   -0.0146405815
   -0.0153987637
   -0.0152010809
   -0.0135371778
   -0.0029080005
   -0.0071070070
   -0.0109538299
   -0.0144480322
   -0.0175508851
   -0.0202333408
    0.0133282848
   -0.0005724487
   -0.0060434668
   -0.0115484622
   -0.0169843761
    0.0152037235
    0.0136220715
   -0.0036635293
   -0.0110130772
    0.0189438220
    0.0159996548
    0.0126629111
    0.0084203550
    0.0029330552
    0.0254280942
    0.0208949968
    0.0156439366
    0.0094411184
    0.0019750319
   -0.0211245023
   -0.0221970004
   -0.0228718489
   -0.0229800740
   -0.0222256738
   -0.0201818215
   -0.0222872746
   -0.0245164421
   -0.0259865112
   -0.0269155468
   -0.0274082170
   -0.0274262986
   -0.0267930057
   -0.0252228579
   -0.0223679323
   -0.0178851334
   -0.0172402936
   -0.0219473413
   -0.0253076796
   -0.0275387904
   -0.0289010848
   -0.0296251032
   -0.0298449255
   -0.0295594942
   -0.0286295630
   -0.0268109543
   -0.0238243531
   -0.0194673835
   -0.0137768462
   -0.0122462348
   -0.0184599549
   -0.0231630568
   -0.0264441366
   -0.0285174397
   -0.0296432730
   -0.0300443568
   -0.0298378383
   -0.0289993627
   -0.0273685488
   -0.0246962871
   -0.0207271686
   -0.0152988201
   -0.0084079668
   -0.0001594153
    0.0040207954
   -0.0046305260
   -0.0120092665
   -0.0183926124
   -0.0229813886
   -0.0259306339
   -0.0275161744
   -0.0280185533
   -0.0276138684
   -0.0263068435
   -0.0239279017
   -0.0201955718
   -0.0148227227
   -0.0076253848
    0.0013976761
    0.0056598644
   -0.0038864636
   -0.0109260178
   -0.0174652804
   -0.0215346692
   -0.0234550949
   -0.0235968966
   -0.0221388208
   -0.0189576279
   -0.0137056800
   -0.0060383497
    0.0040714262
   -0.0019013017
   -0.0090142240
   -0.0148848817
   -0.0172177417
   -0.0163815300
   -0.0124748110
   -0.0052783579
    0.0003599120
   -0.0072002397
   -0.0082301074
   -0.0011373455
    0.0017479097
    0.0013451895
    0.0013775397
    0.0021921844
   -0.0019638554
    0.0000595553
    0.0015539813
    0.0023451329
   -0.0044175601
   -0.0014375728
    0.0006047105
    0.0017775891
    0.0022879795
   -0.0102368407
   -0.0047789073
   -0.0013276019
    0.0006602907
   -0.0068237632
   -0.0023149642
    0.0090530102
    0.0102587815
    0.0111692636
    0.0098126912
    0.0114529197
    0.0127372026
    0.0138067927
    0.0095993610
    0.0118151905
    0.0136964797
    0.0153387457
    0.0171192741
    0.0137908402
    0.0160928359
    0.0186957352
    0.0227571092
    0.0186702105
    0.0229616735
    0.0086841555
    0.0086856996
    0.0073818962
    0.0072256187
    0.0083688257
    0.0095000290
    0.0096356224
    0.0096149520
    0.0076517350
    0.0088636913
    0.0097505495
    0.0101821255
    0.0101267185
    0.0082795951
    0.0092487375
    0.0099255569
    0.0103062971
    0.0103901120
    0.0090491818
    0.0072585761
    0.0045843299
    0.0104333969
    0.0090089255
    0.0070741995
    0.0039993882
    0.0119914951
    0.0106357624
    0.0089624303
    0.0067872372
    0.0025234803
    0.0115186568
    0.0091952365
    0.0063016429
    0.0098921400
    0.0057642889
    0.0052472546
    0.0048031646
    0.0036327562
    0.0031548085
    0.0028666023
    0.0029391932
    0.0017829736
    0.0011350573
    0.0006552982
    0.0002386501
    0.0000234921
   -0.0018573608
   -0.0025605603
   -0.0031870708
   -0.0037737614
   -0.0041538204
   -0.0082930678
   -0.0092509730
    0.0075705116
    0.0157319350
    0.0220434670
    0.0259260258
    0.0270017698
    0.0256811543
    0.0221729826
    0.0161669860
    0.0086842311
    0.0162469575
    0.0217058564
    0.0246517252
    0.0248634127
    0.0223713051
    0.0171348426
    0.0090583156
    0.0054650707
    0.0131286943
    0.0189612420
    0.0219499767
    0.0215855550
    0.0177918226
    0.0108989360
    0.0094264940
    0.0161952808
    0.0174327269
    0.0118667918
    0.0114836118
    0.0065712164
    0.0063504621
    0.0051022778
    0.0051121320
    0.0064543873
    0.0072716645
    0.0060484102
    0.0047700166
    0.0037480139
    0.0033792584
    0.0036955507
    0.0045817653
    0.0059295567
    0.0076596813
    0.0035484091
    0.0025561195
    0.0021392902
    0.0022126898
    0.0025889025
    0.0031932932
    0.0040529632
    0.0051654029
    0.0064329382
    0.0084287453
    0.0019877172
    0.0011684627
    0.0010320588
    0.0013029548
    0.0017049830
    0.0021226445
    0.0026133003
    0.0032688586
    0.0041126739
    0.0051007439
    0.0061497342
    0.0071478444
    0.0079703861
    0.0085173838
    0.0087491913
    0.0086808336
    0.0083374022
   -0.0001906600
   -0.0002942424
    0.0002043504
    0.0008857666
    0.0014425616
    0.0018101001
    0.0021289271
    0.0025600834
    0.0031653503
    0.0039194883
    0.0047641191
    0.0056351318
    0.0064674035
    0.0072006369
    0.0077914703
    0.0082210701
    0.0084875240
    0.0085781733
   -0.0021778082
   -0.0011013103
    0.0001332013
    0.0010968195
    0.0016249734
    0.0018633695
    0.0020795927
    0.0024508925
    0.0030115861
    0.0037143458
    0.0044924173
    0.0052830871
    0.0060324970
    0.0067036667
    0.0072851841
    0.0077879161
    0.0082300435
    0.0086219541
   -0.0044907618
   -0.0024484375
    0.0018000667
    0.0019763418
    0.0023045396
    0.0028460801
    0.0035597983
    0.0043736226
    0.0052121110
    0.0060029880
    0.0066925297
    0.0072679063
    0.0077612559
    0.0082260182
    0.0087095767
    0.0092564993
   -0.0095424905
   -0.0062813653
    0.0013283888
    0.0016788913
    0.0020335707
    0.0025743430
    0.0033272930
    0.0042438989
    0.0052467302
    0.0062382732
    0.0071147502
    0.0078072004
    0.0083221876
    0.0087372827
    0.0091515154
    0.0096454441
   -0.0137669416
   -0.0086557262
    0.0009749401
    0.0016749433
    0.0024351852
    0.0033897596
    0.0045474592
    0.0058469235
    0.0071658547
    0.0083369251
    0.0092191952
    0.0097900535
    0.0101634466
    0.0105073836
    0.0109520648
   -0.0144224594
   -0.0082536621
   -0.0040204401
   -0.0013233119
    0.0003926764
    0.0016858954
    0.0029450816
    0.0043601215
    0.0059743859
    0.0077085193
    0.0120132225
    0.0123460764
    0.0127455646
   -0.0091119014
   -0.0041384699
   -0.0009318242
    0.0013184537
    0.0032202720
    0.0051395475
    0.0072226612
    0.0094039752
    0.0145452445
    0.0151262874
   -0.0047278796
   -0.0003678652
    0.0027107723
    0.0053163723
    0.0078965776
    0.0105506103
    0.0179225086
   -0.0000114006
    0.0042962886
    0.0077374435
    0.0110157426
    0.0142750502
    0.0201859682
    0.0106733294
    0.0149257178
    0.0196281378
    0.0055537554
    0.0052326650
    0.0066921565
    0.0051667850
    0.0045704840
    0.0043157206
    0.0040282417
    0.0063247424
    0.0046339872
    0.0037804421
    0.0034069947
    0.0033310705
    0.0027307715
    0.0023674965
    0.0072323555
    0.0058523637
    0.0040651142
    0.0028811682
    0.0021097939
    0.0017988444
    0.0007168210
    0.0004213864
    0.0080616325
    0.0068339043
    0.0054623442
    0.0035848667
    0.0020137531
    0.0007656363
   -0.0000506866
   -0.0004546140
   -0.0022147427
   -0.0019933927
    0.0087912030
    0.0079418775
    0.0067734251
    0.0052616655
    0.0031894317
    0.0011824242
   -0.0005676557
   -0.0019517813
   -0.0029467566
   -0.0036127767
   -0.0041050468
   -0.0057565732
   -0.0059465036
   -0.0054738512
    0.0089932378
    0.0082340564
    0.0069815333
    0.0052258288
    0.0027293461
    0.0002609202
   -0.0020079116
   -0.0039779540
   -0.0056243783
   -0.0069605046
   -0.0080444825
   -0.0089731570
   -0.0098178885
   -0.0105348322
   -0.0109359462
   -0.0107529773
   -0.0097222551
    0.0099324840
    0.0094951793
    0.0019796402
   -0.0009581323
   -0.0037765875
   -0.0063819422
   -0.0087449460
   -0.0108496908
   -0.0126895804
   -0.0142756014
   -0.0156157250
   -0.0166631224
   -0.0172749503
   -0.0172238612
   -0.0162578766
   -0.0141512601
    0.0106649935
    0.0006856161
   -0.0028812784
   -0.0064434852
   -0.0099027387
   -0.0132016276
   -0.0162710737
    0.0116831862
    0.0105647834
   -0.0010666749
   -0.0055054178
   -0.0101132725
   -0.0147664480
    0.0133167872
    0.0115115445
    0.0093310571
    0.0065312500
    0.0030215627
   -0.0031145986
   -0.0088806676
    0.0162317921
    0.0135314374
    0.0103926330
    0.0066214893
    0.0021031582
    0.0214272460
    0.0176365762
    0.0131590144
    0.0079330786
    0.0018464477
   -0.0185508682
   -0.0192507831
   -0.0196188770
   -0.0195571327
   -0.0189016378
   -0.0174259546
   -0.0192171277
   -0.0207044188
   -0.0217163970
   -0.0223509535
   -0.0226438742
   -0.0225600566
   -0.0219973544
   -0.0208003456
   -0.0187817437
   -0.0157556046
   -0.0161990847
   -0.0191552941
   -0.0213053610
   -0.0227821304
   -0.0237215221
   -0.0242302689
   -0.0243606183
   -0.0240974508
   -0.0233596395
   -0.0220158124
   -0.0199149798
   -0.0169361953
   -0.0130667234
   -0.0085651342
   -0.0133987981
   -0.0172807229
   -0.0202192151
   -0.0223029833
   -0.0236630724
   -0.0244344065
   -0.0247202168
   -0.0245656489
   -0.0239460299
   -0.0227719153
   -0.0209115642
   -0.0182294772
   -0.0146373417
   -0.0101428075
   -0.0048510845
   -0.0088685494
   -0.0138817742
   -0.0177705224
   -0.0205649349
   -0.0223850705
   -0.0233871367
   -0.0237087807
   -0.0234247499
   -0.0225233317
   -0.0209098137
   -0.0184368719
   -0.0149559459
   -0.0103746002
   -0.0046953218
    0.0019791103
    0.0110675426
    0.0039524998
   -0.0028352435
   -0.0081761276
   -0.0132019533
   -0.0169372139
   -0.0194363677
   -0.0208422498
   -0.0213111702
   -0.0209447606
   -0.0197485967
   -0.0176306721
   -0.0144406825
   -0.0100374571
   -0.0043645719
    0.0024731888
    0.0051573467
   -0.0019571203
   -0.0073248076
   -0.0123653293
   -0.0156536086
   -0.0172997511
   -0.0174824554
   -0.0162978447
   -0.0136939211
   -0.0095234397
   -0.0036988094
    0.0035811969
    0.0070614247
   -0.0006662020
   -0.0061795051
   -0.0106201681
   -0.0125051371
   -0.0119295544
   -0.0089671804
   -0.0036574073
    0.0035239534
    0.0005129880
   -0.0052213930
   -0.0060506749
   -0.0010669004
    0.0010495868
    0.0005610290
    0.0004884905
    0.0014167986
   -0.0022200694
   -0.0003681083
    0.0008982619
   -0.0046304061
   -0.0018873700
   -0.0000587059
   -0.0043020849
   -0.0014823829
    0.0099847524
    0.0096022904
    0.0109224619
    0.0120572479
    0.0131484075
    0.0113911133
    0.0129288540
    0.0144570666
    0.0148303002
    0.0173456376
    0.0073160632
    0.0070971396
    0.0079883516
    0.0081030509
    0.0075965824
    0.0083079214
    0.0086560640
    0.0086008677
    0.0082206512
    0.0086982012
    0.0076220901
    0.0060208631
    0.0089888894
    0.0075525772
    0.0057606239
    0.0093381157
    0.0075678315
    0.0054108918
    0.0078066301
    0.0049833295
    0.0024713428
    0.0022500794
    0.0010575763
    0.0005555034
    0.0001938654
    0.0000207194
   -0.0017749315
   -0.0023351547
   -0.0027970970
   -0.0030867564
    0.0093941174
    0.0150377322
    0.0192239355
    0.0215748089
    0.0219874733
    0.0206612429
    0.0176641946
    0.0128317777
    0.0096469867
    0.0147780454
    0.0183266984
    0.0200178584
    0.0197432882
    0.0175203085
    0.0133470198
    0.0101077643
    0.0148120213
    0.0172374276
    0.0169474880
    0.0138918268
    0.0084043451
    0.0068691305
    0.0123289782
    0.0133525671
    0.0089053759
    0.0084621308
