   -0.0010789454     0.0031462021     0.0041424928
   -0.0031150660     0.0017224527     0.0021802239
   -0.0027693929     0.0010841117     0.0002355576
   -0.0019287671     0.0008664347    -0.0002927791
   -0.0023795340     0.0008930942    -0.0003586108
   -0.0047474434     0.0002672686     0.0002046704
   -0.0043840098     0.0005818804     0.0015359426
   -0.0016831194     0.0009526893     0.0003263697
   -0.0004807318     0.0011298444     0.0018841862
   -0.0004283143     0.0001577988     0.0027240490
   -0.0004528889    -0.0002875715     0.0010411071
   -0.0014757968     0.0001840120    -0.0003485142
   -0.0031044750    -0.0007532362    -0.0005194672
   -0.0039660667    -0.0037765535    -0.0002299172
   -0.0016011298     0.0033541900    -0.0003432451
   -0.0010690151    -0.0022090710     0.0022513159
   -0.0005717187    -0.0001898962     0.0001944674
   -0.0013380811     0.0001004478    -0.0001564887
   -0.0017105406    -0.0006748122    -0.0002080736
   -0.0014713424    -0.0018602714    -0.0004019337
   -0.0004272491    -0.0030613819    -0.0007592298
    0.0011792102    -0.0035695814    -0.0009071011
    0.0025285622    -0.0030699870    -0.0003798976
    0.0031180021    -0.0023173721     0.0010625993
   -0.0005938869    -0.0011765384     0.0003215204
   -0.0010459359     0.0003343494     0.0004146974
   -0.0017409388    -0.0000024104     0.0012037935
   -0.0017149728    -0.0009912323     0.0022869642
   -0.0007732678    -0.0016568495     0.0028316410
    0.0000772733    -0.0015455595     0.0023229649
    0.0003007726    -0.0016128427     0.0015364595
    0.0007452559    -0.0022970261     0.0013914611
    0.0018555933    -0.0044099986     0.0027809180
   -0.0008092608    -0.0007386451    -0.0001854855
   -0.0021152652     0.0005534966     0.0010104130
   -0.0042350383    -0.0014098368     0.0025920167
    0.0030109348    -0.0029482531     0.0037489411
    0.0019813387    -0.0027938342     0.0026308472
   -0.0014033606    -0.0007375838    -0.0025322769
   -0.0020003861     0.0010091909     0.0004462100
   -0.0060276548    -0.0002454181     0.0012354061
    0.0055972738    -0.0037373737     0.0025666779
    0.0095911222     0.0146396841    -0.0051050942
    0.0012367237     0.0073642562    -0.0038832247
   -0.0013410139     0.0031477971    -0.0009770544
   -0.0037118643     0.0022641271     0.0009281378
   -0.0057479834     0.0076209891     0.0030466388
   -0.0078261056     0.0026626252     0.0019197759
   -0.0156818929    -0.0066957685     0.0007118724
   -0.0001706536     0.0025676473     0.0046589338
    0.0021745601     0.0019199464     0.0037343159
    0.0035015032     0.0020789441     0.0019888394
    0.0035143473     0.0012201187     0.0034630089
    0.0027332934     0.0021636641     0.0025589197
    0.0020327057     0.0033061441     0.0004104925
    0.0041800303     0.0027312708    -0.0004138855
    0.0034902240    -0.0014551422     0.0035043841
    0.0033536769     0.0005363445     0.0051773079
    0.0027636048     0.0032499563     0.0035313998
    0.0017275698     0.0057583148     0.0011160452
    0.0008380717     0.0032469216    -0.0021160153
    0.0037273201     0.0036171360    -0.0034915207
   -0.0053007199     0.0031441511    -0.0051451973
   -0.0010051369     0.0047651770    -0.0027285710
   -0.0009034118     0.0026030650    -0.0050469621
    0.0005814270     0.0032061730    -0.0078528764
   -0.0030199851     0.0017533649    -0.0127002259
   -0.0000423083     0.0026865070    -0.0114392335
   -0.0035781312     0.0055570964    -0.0048613752
   -0.0054263950     0.0018708982    -0.0074276848
   -0.0055007200    -0.0012151072    -0.0110735831
   -0.0042823391    -0.0036047629    -0.0149896513
   -0.0038329989     0.0095625712    -0.0058764692
   -0.0108871259     0.0047579492    -0.0066776006
    0.0062511186    -0.0046789180     0.0011491477
    0.0125949559    -0.0104182478     0.0025438633
    0.0124396098    -0.0016659202     0.0000886222
    0.0083776199     0.0064888663    -0.0028144344
    0.0000690578     0.0126144738    -0.0033455869
   -0.0083510721    -0.0059056093    -0.0137132560
   -0.0048424376    -0.0099026460    -0.0140158315
   -0.0006060931    -0.0118398159    -0.0137133342
    0.0041963729    -0.0121784554    -0.0132768886
    0.0094964871    -0.0102878648    -0.0130109887
    0.0140205396    -0.0051367908    -0.0128778137
    0.0152326474     0.0034018929    -0.0129046914
   -0.0173882208    -0.0034679120    -0.0054851509
   -0.0147498207    -0.0117173779    -0.0054919849
   -0.0091311080    -0.0169869898    -0.0052942516
   -0.0026224614    -0.0192040795    -0.0048702831
    0.0037526438    -0.0191606165    -0.0042645224
    0.0099033236    -0.0172925752    -0.0035609476
    0.0156508214    -0.0132213718    -0.0028458407
    0.0198337254    -0.0064059364    -0.0021904830
    0.0203942591     0.0026079076    -0.0016901897
    0.0156178988     0.0112821507    -0.0015013979
   -0.0170992442     0.0049239415     0.0045058360
   -0.0183190714    -0.0058862298     0.0057756027
   -0.0136916603    -0.0144541256     0.0063572074
   -0.0062808756    -0.0188292908     0.0065772906
    0.0013260950    -0.0193904570     0.0068323898
    0.0080976816    -0.0172261365     0.0073825335
    0.0137841692    -0.0126810389     0.0082169477
    0.0174386301    -0.0054903991     0.0090460544
    0.0169588367     0.0037032132     0.0094278951
    0.0103713861     0.0120435068     0.0090525073
   -0.0022470681     0.0149121301     0.0080854465
    0.0053685330     0.0152083714     0.0004117550
   -0.0086770160     0.0136545303     0.0024846041
   -0.0119003977     0.0067351226     0.0123601622
   -0.0123107768    -0.0035633617     0.0149813509
   -0.0070990620    -0.0102933570     0.0157296133
   -0.0002896795    -0.0120966415     0.0156207996
    0.0055515404    -0.0099598471     0.0155263920
    0.0093483440    -0.0048729429     0.0156393389
    0.0097230173     0.0025775002     0.0153408711
    0.0044414834     0.0104414755     0.0135216361
   -0.0078433015     0.0141096374     0.0089962477
   -0.0029433902     0.0157692819     0.0072305853
   -0.0042859376     0.0105211810     0.0137281791
   -0.0041645914     0.0027790998     0.0173049521
   -0.0004040626    -0.0000022137     0.0177177742
    0.0024478549     0.0022143123     0.0167836729
    0.0016967069     0.0077067593     0.0146454944
   -0.0048906691     0.0136357774     0.0094395380
    0.0038576356     0.0185606792     0.0045358357
   -0.0006758438     0.0139388264     0.0098988766
   -0.0015489455     0.0129459327     0.0100235658
   -0.0075199684     0.0174062267     0.0006995061
   -0.0013895833     0.0034509033     0.0031884607
   -0.0027321137     0.0015062801     0.0043844650
   -0.0020807223    -0.0012087066     0.0039152607
   -0.0023159105     0.0065237113     0.0005184118
   -0.0051890384     0.0043799554     0.0021850659
   -0.0059669374     0.0002762169     0.0027802672
   -0.0037506828    -0.0027975972     0.0023779317
    0.0006776815     0.0081597889    -0.0065407561
   -0.0024865441     0.0080407209    -0.0036855415
   -0.0060927333     0.0052107621    -0.0020545453
   -0.0071416655     0.0007821062    -0.0011494410
   -0.0051358663    -0.0027120993    -0.0006131121
   -0.0020563397    -0.0033507800    -0.0002562137
    0.0027082276     0.0089000047    -0.0089854742
   -0.0028968753     0.0063229389    -0.0064486255
   -0.0051101793     0.0017326822    -0.0049791594
   -0.0035874364    -0.0017474293    -0.0034019480
    0.0073816871     0.0103800204    -0.0095481155
    0.0002963663     0.0059329659    -0.0071405916
   -0.0015566743     0.0016942628    -0.0050462223
   -0.0024007137    -0.0032353851     0.0041611878
   -0.0000292041    -0.0038309553     0.0045746901
   -0.0056593416    -0.0017546960     0.0021498123
   -0.0045846402    -0.0051798238     0.0025867905
   -0.0014315991    -0.0072962496     0.0028534530
    0.0021509477    -0.0070170395     0.0030613172
    0.0043548649    -0.0050614854     0.0032538682
   -0.0067125145     0.0004227380     0.0005530826
   -0.0069992103    -0.0038986977    -0.0003187472
   -0.0040701186    -0.0079175393    -0.0009820910
    0.0007524112    -0.0091946035    -0.0010452598
    0.0048271117    -0.0075441337    -0.0004262684
    0.0066017644    -0.0051231129     0.0007837517
   -0.0083533027     0.0007002401    -0.0005487831
   -0.0074545281    -0.0036801807    -0.0030459445
   -0.0036404133    -0.0075407357    -0.0045644329
    0.0015753549    -0.0083745341    -0.0045234823
    0.0052868315    -0.0073060335    -0.0028616921
    0.0079588608    -0.0093414491     0.0006776513
   -0.0113765383    -0.0025624116    -0.0010871057
   -0.0065455380    -0.0051892265    -0.0048574823
   -0.0010925956    -0.0081490896    -0.0055393401
    0.0017912310    -0.0147354068    -0.0022195179
   -0.0083778456    -0.0113619169    -0.0031708091
   -0.0017077210     0.0008969542     0.0085623987
    0.0001445770     0.0039515692     0.0071985330
   -0.0036559403     0.0036781785     0.0056152013
   -0.0053246084     0.0010294810     0.0055995465
   -0.0037514284    -0.0026159831     0.0072265367
    0.0007792367    -0.0031710712     0.0085103201
    0.0029165843     0.0007029700     0.0084284424
    0.0040055989     0.0036912054     0.0054438232
    0.0003330858     0.0049212240     0.0048829634
   -0.0061796272    -0.0001626297     0.0019272436
   -0.0055605206    -0.0034450878     0.0032067225
   -0.0025696486    -0.0061894956     0.0044051926
    0.0018060390    -0.0064251559     0.0052364717
    0.0052687235    -0.0037303926     0.0056165516
    0.0060228773     0.0003707836     0.0056340698
   -0.0029375237    -0.0055964420     0.0003635221
    0.0002419907    -0.0067593443     0.0007538942
    0.0036293453    -0.0059361228     0.0011774645
    0.0058860600    -0.0034222878     0.0016987679
    0.0063342309    -0.0003187688     0.0024921473
    0.0025810927     0.0049797486     0.0026916227
    0.0029600301    -0.0033756434     0.0045520261
    0.0044305774    -0.0011936635     0.0053484804
    0.0045653023     0.0024224067     0.0047828519
    0.0039988894     0.0059169415     0.0016290055
    0.0044348062    -0.0046256351     0.0035402830
    0.0069303174    -0.0017626985     0.0036390472
    0.0069224158     0.0026112944     0.0030580175
    0.0047914387     0.0065858714    -0.0011176515
    0.0005360678     0.0075750063    -0.0023637086
    0.0033296674    -0.0057640711     0.0014752096
    0.0061473440    -0.0047124646     0.0007031049
    0.0082969693    -0.0014511956     0.0001641656
    0.0079554589     0.0030326963    -0.0003762680
    0.0026098664     0.0076985710    -0.0042123168
    0.0058472921    -0.0040594374    -0.0016419312
    0.0075215673    -0.0007962401    -0.0030531664
    0.0067267165     0.0039449199    -0.0037567015
   -0.0017950015     0.0103254131    -0.0057811488
    0.0067065760     0.0011071573    -0.0040949074
    0.0044104691     0.0060331737    -0.0052297656
   -0.0005516490     0.0011394502     0.0064587522
    0.0017120584     0.0036063244     0.0060965010
   -0.0024218425     0.0035033854     0.0062236955
   -0.0041611412     0.0008052370     0.0051546545
    0.0030596593     0.0015489533     0.0052408540
    0.0049339275     0.0036764634     0.0024366055
    0.0028683259     0.0064024451     0.0033898372
   -0.0014360809     0.0073142207     0.0037131523
   -0.0051950634     0.0052303795     0.0031547157
   -0.0062770782     0.0020430129     0.0023353031
    0.0046146058     0.0033120551    -0.0015425793
    0.0043735031     0.0057224033    -0.0014459990
    0.0016354660     0.0082048645    -0.0012907190
   -0.0025402741     0.0084615919    -0.0014564601
   -0.0058066924     0.0062802946    -0.0019307741
   -0.0067054312     0.0035000239    -0.0022529293
    0.0028142333     0.0041774837    -0.0056199701
    0.0017509539     0.0059119562    -0.0066271207
   -0.0008384900     0.0068616249    -0.0073669474
   -0.0036588052     0.0060745627    -0.0080062065
   -0.0052181968     0.0042596240    -0.0085460542
   -0.0025566082     0.0016406978    -0.0151924459
   -0.0193184634    -0.0022805574     0.0039590774
   -0.0145221592    -0.0127945787    -0.0005346766
   -0.0022029507    -0.0188814808    -0.0020152839
    0.0094962598    -0.0180491866    -0.0004042090
    0.0171796381    -0.0099623571    -0.0001109202
    0.0180803704     0.0031370407    -0.0004576100
   -0.0194711488     0.0040184712     0.0000961527
   -0.0180020592    -0.0089310041    -0.0051188798
   -0.0086859330    -0.0179547948    -0.0084631508
    0.0043626013    -0.0194209893    -0.0095907249
    0.0151411470    -0.0124196097    -0.0089598363
    0.0188989761     0.0005597817    -0.0066407854
    0.0132420554     0.0141843707    -0.0013710829
   -0.0134418169     0.0157404321    -0.0000325002
   -0.0176698775     0.0060906131    -0.0078780598
   -0.0150968383    -0.0057925691    -0.0140195912
   -0.0050215728    -0.0131779729    -0.0174664570
    0.0073844104    -0.0113851163    -0.0179040639
    0.0149146845    -0.0010948840    -0.0151811583
    0.0135909304     0.0117933352    -0.0088507879
    0.0026141562     0.0183034135    -0.0084308540
   -0.0051506529     0.0179408217    -0.0080333514
   -0.0109731705     0.0099661378    -0.0141523983
   -0.0071524068    -0.0006852519    -0.0204485238
    0.0041103856    -0.0008199645    -0.0214740481
    0.0081382903     0.0102927034    -0.0159536946
   -0.0013598749     0.0096625029    -0.0183945966
   -0.0027382108     0.0021801381     0.0018262167
   -0.0007943031     0.0023645742     0.0026673949
   -0.0020002944     0.0015647825     0.0014015548
   -0.0020536079     0.0010621298     0.0001911520
   -0.0017636137     0.0008684993    -0.0002959849
   -0.0020752935     0.0007997630    -0.0002182134
   -0.0032163047     0.0002747151     0.0005082218
   -0.0024601735     0.0007040244     0.0006731798
   -0.0014386967     0.0005644707    -0.0002726945
   -0.0006810087     0.0005199102    -0.0001731103
   -0.0004740235     0.0003972212    -0.0000335055
   -0.0007537045     0.0003677709    -0.0003199430
   -0.0015704050     0.0002812583    -0.0004583195
   -0.0025880958    -0.0006103738    -0.0000817327
   -0.0019042698     0.0010879338    -0.0005691945
   -0.0007001628     0.0013575251     0.0000660573
   -0.0006401342     0.0012521504     0.0013845654
   -0.0007447614     0.0002951325     0.0017782162
   -0.0003654505    -0.0002355316     0.0008705981
   -0.0003323029     0.0001170328    -0.0000806313
   -0.0008914494     0.0002989354    -0.0004178698
   -0.0014871730    -0.0002043402    -0.0004048730
   -0.0016930788    -0.0012660112    -0.0003162203
   -0.0011971039    -0.0025845607    -0.0001980429
    0.0031811029    -0.0011284687     0.0012407202
   -0.0018571489     0.0021802851    -0.0023022098
   -0.0007284314     0.0032197633    -0.0007504898
   -0.0009976294    -0.0011143704     0.0011288564
   -0.0002125033    -0.0001519093     0.0001548984
   -0.0004783969     0.0004241600    -0.0001013229
   -0.0008950302     0.0003384902    -0.0000284840
   -0.0010932244    -0.0000874187     0.0001107567
   -0.0009923637    -0.0006390406     0.0001869128
   -0.0005957147    -0.0011565781     0.0001401368
   -0.0000208746    -0.0015152652     0.0000632804
    0.0006069719    -0.0016724087     0.0001641636
    0.0012218009    -0.0016501729     0.0005932698
    0.0018570252    -0.0016369312     0.0015989114
    0.0003047632     0.0042807235    -0.0044434867
   -0.0010111652    -0.0012988141     0.0002319502
   -0.0002830447     0.0000835796     0.0001085003
   -0.0007006734     0.0005706750     0.0003269187
   -0.0011881179     0.0002827745     0.0007830467
   -0.0012966864    -0.0003816647     0.0013450720
   -0.0008781670    -0.0009732455     0.0017363043
   -0.0002701851    -0.0011417466     0.0017181282
    0.0000837455    -0.0011222140     0.0014163121
    0.0003314326    -0.0013298131     0.0011935899
    0.0008588817    -0.0018380692     0.0013166598
    0.0039583632     0.0045393431    -0.0088627333
   -0.0010547258    -0.0009691960    -0.0006117300
   -0.0005144905     0.0003341686     0.0001626171
   -0.0013118223     0.0006097359     0.0007491355
   -0.0022651574    -0.0003555884     0.0014496852
   -0.0023667964    -0.0022197486     0.0022694662
    0.0014749947    -0.0024612921     0.0025323568
    0.0013690011    -0.0019159219     0.0020472011
    0.0015685858    -0.0023474191     0.0017276169
   -0.0010528815     0.0000982050    -0.0016060260
   -0.0007746301     0.0006896396     0.0000217692
   -0.0019254290     0.0008225681     0.0007914209
   -0.0036607795    -0.0006568687     0.0011208299
    0.0034026959    -0.0032586281     0.0018846657
    0.0030583445    -0.0028700712     0.0017361687
    0.0063548583     0.0080602231    -0.0036706982
    0.0012409549     0.0048211302    -0.0028084909
   -0.0004328793     0.0024309596    -0.0010898581
   -0.0013767157     0.0016923296     0.0003873311
   -0.0031151277     0.0010818204     0.0008023547
    0.0049840192    -0.0042611672     0.0011391208
    0.0005747047     0.0078130020     0.0014883573
   -0.0022250730     0.0039646549     0.0012898323
   -0.0039500374     0.0019551478     0.0012289978
   -0.0079038939     0.0062476220     0.0038406378
   -0.0079787446     0.0012105954     0.0017136631
    0.0006489531     0.0013490897     0.0030115619
   -0.0012495633     0.0011041992     0.0031579465
    0.0012325203     0.0017461866     0.0025138332
    0.0018501255     0.0016560420     0.0015213501
    0.0025048439     0.0014139622     0.0024271873
    0.0017659285     0.0016120749     0.0017252754
    0.0015496683     0.0020343033     0.0003521636
    0.0023302751     0.0020299304     0.0002818643
   -0.0035649622     0.0010813869     0.0003940567
    0.0021458811     0.0009258377     0.0021818223
    0.0017204799     0.0018637617     0.0014187530
    0.0010147894     0.0027411201     0.0001709239
    0.0009800530     0.0021700451    -0.0011461296
    0.0022498652     0.0024554649    -0.0014190190
    0.0023940941    -0.0008528743     0.0027713700
    0.0021015116     0.0024804575     0.0020813130
    0.0012647062     0.0039590438     0.0003426413
   -0.0001987234     0.0027776067    -0.0015010215
    0.0000319837     0.0019119613    -0.0027322716
    0.0011562002     0.0024400185    -0.0036344674
   -0.0026844777     0.0020478094    -0.0056098321
   -0.0010289033     0.0024238474    -0.0049040819
    0.0020376396    -0.0026944086     0.0023450210
   -0.0011366594     0.0035049735    -0.0020681705
   -0.0019096349     0.0018088942    -0.0034662942
   -0.0015767254     0.0009169207    -0.0050116029
   -0.0009655497     0.0009729972    -0.0067149955
   -0.0014876008     0.0001205375    -0.0097853222
    0.0000830070    -0.0005770236    -0.0096672878
    0.0019360593     0.0005605205    -0.0090655656
    0.0024891312     0.0041387860    -0.0079471940
   -0.0028119712     0.0039212992    -0.0030453815
   -0.0045253760     0.0014415388    -0.0043828865
   -0.0049920292    -0.0010290292    -0.0062391483
   -0.0044117132    -0.0033393265    -0.0083688792
   -0.0030250199    -0.0052158082    -0.0103937162
   -0.0019979333     0.0062148997    -0.0032292911
   -0.0062890769     0.0039465124    -0.0034697794
   -0.0092890923    -0.0000204591    -0.0046709300
    0.0045887499    -0.0036023312     0.0013904283
    0.0047123232    -0.0026099232    -0.0000872346
   -0.0060646399     0.0074766828    -0.0016922452
    0.0069668682    -0.0071592720     0.0007265717
    0.0075067996    -0.0034983005     0.0003099660
    0.0068599840     0.0004186723    -0.0011396441
    0.0046868734     0.0044383981    -0.0023813228
    0.0002302041     0.0074777962    -0.0023945853
    0.0088384077     0.0066377840    -0.0009943807
    0.0022456566    -0.0038405623    -0.0116131910
   -0.0061149183    -0.0067924028    -0.0087216760
   -0.0034083178    -0.0089295010    -0.0088776172
   -0.0003636770    -0.0099747708    -0.0087502258
    0.0029031535    -0.0100702016    -0.0085051990
    0.0063228596    -0.0090384136    -0.0082688868
    0.0095041422    -0.0065195301    -0.0080785878
    0.0116123336    -0.0023233920    -0.0079245368
    0.0115203188     0.0033185167    -0.0080287002
   -0.0121162507    -0.0005957533    -0.0034081237
   -0.0115491582    -0.0061364193    -0.0035279842
   -0.0088411892    -0.0104246576    -0.0035555841
   -0.0049953284    -0.0130271782    -0.0034485962
   -0.0008138450    -0.0140657634    -0.0032117300
    0.0033281284    -0.0138425064    -0.0028748048
    0.0073221067    -0.0124723394    -0.0024835038
    0.0109698506    -0.0098045923    -0.0020849720
    0.0137118616    -0.0056696107    -0.0017234455
    0.0146546758    -0.0002928297    -0.0014598516
    0.0129462349     0.0053604776    -0.0014163035
    0.0084009223     0.0094599301    -0.0016729100
   -0.0111605281     0.0047145608     0.0017196836
   -0.0132252876    -0.0014875211     0.0025130826
   -0.0120642009    -0.0074107600     0.0029881921
   -0.0086148122    -0.0117543728     0.0032492415
   -0.0040877239    -0.0140595366     0.0034210775
    0.0005877185    -0.0145184121     0.0036243230
    0.0049616180    -0.0135024754     0.0039321578
    0.0088448598    -0.0111823773     0.0043432236
    0.0119133779    -0.0075063140     0.0047788878
    0.0134751851    -0.0025379589     0.0051033572
    0.0126282037     0.0030925116     0.0051720486
    0.0087725612     0.0079765191     0.0049316861
    0.0021494250     0.0102365926     0.0045701828
   -0.0057658215     0.0092633150     0.0005606663
   -0.0092999550     0.0052336041     0.0064705801
   -0.0109374030    -0.0011935466     0.0081983575
   -0.0090228702    -0.0067888187     0.0090920725
   -0.0050156934    -0.0101931385     0.0094080995
   -0.0004192298    -0.0111848880     0.0094748654
    0.0038130637    -0.0101633033     0.0095524998
    0.0072062149    -0.0075097069     0.0097216178
    0.0092677613    -0.0034132442     0.0098465248
    0.0091652358     0.0017257323     0.0096253733
    0.0059875382     0.0067464062     0.0087135873
   -0.0005495086     0.0096118008     0.0068539179
   -0.0094067656     0.0078798757     0.0038408576
    0.0054328863     0.0107710645     0.0003711482
   -0.0035576242     0.0101249130     0.0038272814
   -0.0054590383     0.0065870416     0.0088445041
   -0.0064606628     0.0006695767     0.0114615429
   -0.0040681044    -0.0035366600     0.0124961616
   -0.0004103894    -0.0049153969     0.0126218290
    0.0028269508    -0.0036974424     0.0123863097
    0.0046218621    -0.0004929805     0.0119180734
    0.0040326607     0.0039592198     0.0108375137
    0.0000796857     0.0081739015     0.0084070948
   -0.0073403266     0.0094947985     0.0037132949
    0.0002125666     0.0113545911     0.0040903936
   -0.0019899891     0.0082244825     0.0084296902
   -0.0020425389     0.0037965147     0.0113648331
   -0.0000706144     0.0026011933     0.0117344255
    0.0008251244     0.0046976151     0.0105590916
   -0.0013966427     0.0083991679     0.0074856363
   -0.0073332199     0.0104818291     0.0008426225
    0.0026953329     0.0125680761     0.0013531757
   -0.0006566358     0.0101254630     0.0056518449
   -0.0013283650     0.0095150212     0.0059704624
   -0.0044309945     0.0116722520    -0.0000368343
    0.0018412631     0.0132477006    -0.0020544706
   -0.0015883777     0.0129423202    -0.0029120327
   -0.0008902974     0.0013461588     0.0017503340
   -0.0009823813     0.0002132214     0.0019706984
   -0.0013726706     0.0033728468     0.0004908996
   -0.0025027343     0.0022346638     0.0014728257
   -0.0027327884     0.0003716006     0.0018105324
   -0.0017471555    -0.0010082180     0.0015261119
    0.0000471898     0.0047835315    -0.0032957883
   -0.0016842278     0.0045638943    -0.0015196796
   -0.0034292692     0.0029804126    -0.0004265679
   -0.0038920565     0.0006851740     0.0001345562
   -0.0028663832    -0.0011231652     0.0003239983
    0.0030838143     0.0052903331    -0.0068897431
    0.0000394869     0.0052558881    -0.0042752215
   -0.0025403400     0.0036415174    -0.0029381874
   -0.0034839282     0.0012394286    -0.0021001880
   -0.0027315853    -0.0006817493    -0.0014109568
    0.0047520077     0.0060969245    -0.0063483227
    0.0003931758     0.0045976160    -0.0046189981
   -0.0015357807     0.0022462798    -0.0035332808
   -0.0014707127     0.0004265465    -0.0023628428
    0.0047632908     0.0071029221    -0.0040841221
    0.0007580633     0.0041574192    -0.0030427363
   -0.0018344459    -0.0029038335     0.0024555430
   -0.0002555475    -0.0034988162     0.0026627811
    0.0011378944    -0.0031157856     0.0027297822
   -0.0038037325    -0.0027400908     0.0010507249
   -0.0023140028    -0.0046881926     0.0010111897
   -0.0000535078    -0.0054585589     0.0010769536
    0.0020352921    -0.0049713669     0.0012809388
    0.0032772698    -0.0038794525     0.0016169128
   -0.0049784186    -0.0016184091    -0.0002165560
   -0.0038890937    -0.0042289261    -0.0009335299
   -0.0015055485    -0.0059020120    -0.0012737110
    0.0012373037    -0.0061332584    -0.0011558241
    0.0033848311    -0.0053602710    -0.0005899440
    0.0048010794    -0.0047176971     0.0003804916
   -0.0061159588    -0.0009052183    -0.0007128483
   -0.0047322856    -0.0035935074    -0.0022583943
   -0.0020864636    -0.0056069182    -0.0030435395
    0.0009556601    -0.0063268841    -0.0029064904
    0.0035437710    -0.0069179932    -0.0018959450
   -0.0054422257    -0.0048859297    -0.0029002823
   -0.0015858138    -0.0076881238    -0.0036347762
   -0.0012513630     0.0006040311     0.0052647554
   -0.0002211276     0.0023011653     0.0046317325
   -0.0023674010     0.0021551414     0.0035436640
   -0.0032587795     0.0006999240     0.0034828824
   -0.0023746377    -0.0013249878     0.0045406310
    0.0001554691    -0.0016680259     0.0054266009
    0.0013597834     0.0004782531     0.0054276957
    0.0023008241     0.0021446780     0.0039479976
    0.0003457729     0.0029698205     0.0035397798
   -0.0038028246    -0.0006910596     0.0016943762
   -0.0030346415    -0.0024865434     0.0025970526
   -0.0011310765    -0.0036897789     0.0033754451
    0.0012341501    -0.0035129323     0.0038968192
    0.0029739328    -0.0019333226     0.0041310399
    0.0033351302     0.0002867816     0.0041279919
   -0.0025903518    -0.0028284056     0.0006057116
   -0.0011086289    -0.0039523061     0.0010424942
    0.0008332302    -0.0041864690     0.0014105405
    0.0026271130    -0.0034032530     0.0017229887
    0.0037347381    -0.0018647730     0.0020302168
    0.0039349659    -0.0000551754     0.0023935673
    0.0028000749     0.0000215009     0.0031981756
    0.0026111215     0.0018694203     0.0026964414
    0.0022494934     0.0036245238     0.0011276902
    0.0031581011    -0.0019324625     0.0026688650
    0.0040386084    -0.0002022814     0.0026518642
    0.0037519036     0.0019894893     0.0021612505
    0.0028018233     0.0041457019    -0.0000765451
    0.0027166716    -0.0032458020     0.0016289594
    0.0042430857    -0.0022403293     0.0013702661
    0.0051250433    -0.0002208493     0.0010890065
    0.0046678990     0.0022444300     0.0006413483
    0.0022979211     0.0047534482    -0.0017786489
    0.0034850113    -0.0031934517     0.0004893005
    0.0046752854    -0.0020027188    -0.0003233064
    0.0053035444     0.0001569910    -0.0008773324
    0.0045662166     0.0027434926    -0.0013069322
    0.0004006183     0.0058422057    -0.0030493729
    0.0048817852    -0.0012570678    -0.0013390851
    0.0048176689     0.0010609814    -0.0022468191
    0.0034874779     0.0037464527    -0.0027240465
    0.0053808274     0.0025818720    -0.0022875699
    0.0025034485     0.0059217383    -0.0028517489
   -0.0005133716     0.0012959347     0.0037652652
    0.0007815910     0.0024792008     0.0034915450
   -0.0015146028     0.0023692564     0.0035034732
   -0.0026005728     0.0010156468     0.0029450680
    0.0027051761     0.0024936348     0.0014761933
    0.0017668068     0.0037428715     0.0019430064
   -0.0003085861     0.0044262961     0.0021883640
   -0.0024928541     0.0037598468     0.0019673569
   -0.0036303517     0.0022336590     0.0014780382
    0.0025931367     0.0033140859    -0.0008233760
    0.0015728838     0.0046351698    -0.0006419337
   -0.0003824298     0.0052954235    -0.0006222335
   -0.0024554851     0.0047968715    -0.0008421418
   -0.0037491317     0.0034782369    -0.0012012140
   -0.0039606432     0.0021896948    -0.0013754095
    0.0013127718     0.0034864337    -0.0037667148
    0.0001765606     0.0043052048    -0.0040924033
   -0.0014341273     0.0043396553    -0.0044416767
   -0.0027460182     0.0035406500    -0.0048383877
   -0.0032084614     0.0025465241    -0.0051818946
   -0.0008948081     0.0015913589    -0.0079485321
   -0.0014667016     0.0012548061    -0.0087480725
   -0.0016999845     0.0005553049    -0.0095675374
   -0.0133358909     0.0000827577     0.0015486552
   -0.0118692182    -0.0072572099    -0.0014037238
   -0.0057688087    -0.0124277664    -0.0037048982
    0.0022170644    -0.0139203811    -0.0038381670
    0.0088897388    -0.0111836293    -0.0032578127
    0.0127360079    -0.0048333205    -0.0027894793
    0.0122493978     0.0036423060    -0.0019167513
   -0.0127234400     0.0043110600    -0.0009739067
   -0.0127859423    -0.0032114285    -0.0047775284
   -0.0086594048    -0.0094494721    -0.0074525860
   -0.0016234026    -0.0123856838    -0.0088974215
    0.0057790466    -0.0109761413    -0.0090614157
    0.0109838963    -0.0055274445    -0.0081605219
    0.0121440887     0.0023420510    -0.0060310490
    0.0085552209     0.0099794966    -0.0020685542
   -0.0101493916     0.0084897627    -0.0033031102
   -0.0112161511     0.0018658965    -0.0081696686
   -0.0080140756    -0.0045482025    -0.0116556717
   -0.0013894066    -0.0074730653    -0.0133979961
    0.0055117404    -0.0052420008    -0.0132240316
    0.0092380097     0.0011868896    -0.0110439344
    0.0081901970     0.0086119124    -0.0066776114
    0.0011892264     0.0126133026    -0.0052514399
   -0.0033260987     0.0124021972    -0.0048227098
   -0.0068430904     0.0075871149    -0.0093005039
   -0.0046083150     0.0010080106    -0.0138392471
    0.0022194517     0.0009084784    -0.0145767815
    0.0045994485     0.0077504384    -0.0106459657
   -0.0011094593     0.0073937903    -0.0118598421
   -0.0010075001     0.0017698238     0.0025836354
   -0.0017564025     0.0013588243     0.0014564437
   -0.0021858849     0.0008937622     0.0014867062
    0.0005234811     0.0018344029     0.0028096189
   -0.0005952229     0.0016954483     0.0020046370
   -0.0013564384     0.0013101343     0.0011757862
   -0.0015301903     0.0009795894     0.0004145536
   -0.0014715266     0.0007864675     0.0000796849
   -0.0016617433     0.0006294043     0.0001715950
   -0.0021758979     0.0002196485     0.0007108031
    0.0014772429     0.0015080733     0.0023133831
   -0.0014137648     0.0011055756     0.0015802755
   -0.0016113892     0.0008502797     0.0004823356
   -0.0012359108     0.0006480445    -0.0001509055
   -0.0008680407     0.0005467962    -0.0002831306
   -0.0007721907     0.0004733941    -0.0002510363
   -0.0009860232     0.0003952662    -0.0002345103
   -0.0014656632     0.0001745330    -0.0000788698
   -0.0019739114    -0.0004769737     0.0003721744
   -0.0020429400    -0.0016300190     0.0011219375
   -0.0016967853     0.0008670054    -0.0001605957
   -0.0009359958     0.0007517982    -0.0004103993
   -0.0005252318     0.0006999969    -0.0001233147
   -0.0004096984     0.0005106786     0.0001665035
   -0.0003880523     0.0002835710     0.0001204250
   -0.0004732905     0.0002381090    -0.0001289098
   -0.0007761893     0.0002327294    -0.0002680299
   -0.0011889696    -0.0000259776    -0.0002015161
   -0.0014704966    -0.0006425982     0.0000050295
   -0.0013832766    -0.0015237992     0.0002955299
   -0.0007525886    -0.0023963230     0.0006376555
    0.0025016115    -0.0005708189     0.0016175416
    0.0022526055     0.0004021952     0.0017902093
   -0.0019397317     0.0013077437    -0.0010580104
   -0.0008108205     0.0012967238    -0.0009202356
   -0.0005499676     0.0014307147    -0.0001110541
   -0.0007901760     0.0011390230     0.0006967184
   -0.0008652787     0.0004217227     0.0009257010
   -0.0005516454    -0.0000336463     0.0005578997
   -0.0003136628     0.0000465608     0.0000819670
   -0.0004323674     0.0002475216    -0.0001616948
   -0.0007334915     0.0002070991    -0.0001834224
   -0.0009733224    -0.0001106622    -0.0001087155
   -0.0010150513    -0.0006114124    -0.0000150456
   -0.0007813459    -0.0011725719     0.0000720318
   -0.0002641858    -0.0016259773     0.0001556049
    0.0004221235    -0.0018054696     0.0002676770
    0.0010814714    -0.0016523880     0.0004568552
    0.0015635753    -0.0012456964     0.0007630449
    0.0018562160    -0.0006988778     0.0012257841
   -0.0003961807     0.0019844762    -0.0022132256
   -0.0005151874     0.0025403975    -0.0009383813
   -0.0009128269    -0.0004166653     0.0005034475
   -0.0003404075    -0.0000955249     0.0001214217
   -0.0003309981     0.0002687009    -0.0000151017
   -0.0005721687     0.0003452393     0.0000312229
   -0.0007885471     0.0001662580     0.0001627078
   -0.0008612443    -0.0001522181     0.0003112369
   -0.0007518616    -0.0005082164     0.0004219023
   -0.0004853382    -0.0008127331     0.0004596966
   -0.0001363665    -0.0010243332     0.0004479750
    0.0002434946    -0.0011559967     0.0004674166
    0.0006585548    -0.0012197286     0.0006007228
    0.0011313301    -0.0012176348     0.0009172713
    0.0006288389     0.0031617699    -0.0032291475
   -0.0008836384    -0.0004785290     0.0000174374
   -0.0003556581     0.0000501834     0.0000385610
   -0.0004653689     0.0003905612     0.0001620338
   -0.0007811534     0.0003479783     0.0003788238
   -0.0010129194     0.0000096744     0.0006647020
   -0.0010003008    -0.0004687777     0.0009610487
   -0.0007069694    -0.0008802887     0.0011691522
   -0.0002813167    -0.0010702187     0.0012148641
    0.0000763002    -0.0010957303     0.0011272056
    0.0003490403    -0.0011394075     0.0010211649
    0.0006878898    -0.0012836154     0.0010068165
    0.0012430693    -0.0015644073     0.0011850439
    0.0031190901     0.0033157475    -0.0053432793
   -0.0008924869    -0.0002133723    -0.0004562796
   -0.0004742806     0.0002368473    -0.0000045704
   -0.0007236227     0.0004822830     0.0003307662
   -0.0012196927     0.0002436219     0.0006514963
   -0.0015815945    -0.0004661761     0.0010098764
   -0.0014763399    -0.0014272353     0.0013720113
   -0.0007980456    -0.0021722532     0.0016357733
    0.0001000304    -0.0023115163     0.0017132535
    0.0007181618    -0.0019858030     0.0016164568
    0.0009844220    -0.0016754048     0.0014445397
    0.0012268976    -0.0016421314     0.0012914543
    0.0017758491    -0.0019894200     0.0011935481
    0.0061083794     0.0039239378    -0.0053851992
   -0.0008211639     0.0005425740    -0.0010362204
   -0.0006139933     0.0005650401    -0.0001735316
   -0.0009750040     0.0006591054     0.0003492755
   -0.0016998819     0.0002857093     0.0006490978
   -0.0023604648    -0.0007789674     0.0008369886
    0.0019827701    -0.0027240347     0.0012938733
    0.0021557902    -0.0022595720     0.0012483946
    0.0038820987     0.0049464122    -0.0024464153
    0.0009014342     0.0033456184    -0.0018470118
   -0.0002540106     0.0019541749    -0.0009109791
   -0.0007869271     0.0013196356    -0.0000322933
   -0.0015021104     0.0009683009     0.0004628698
   -0.0024963906     0.0002162274     0.0005310216
   -0.0033070904    -0.0013901977     0.0002246900
    0.0031241403    -0.0034009296     0.0006061322
    0.0030312618     0.0061570765     0.0005716396
    0.0000817658     0.0039295423     0.0003149821
   -0.0013344281     0.0023782370     0.0005539886
   -0.0023584054     0.0013425386     0.0006711348
   -0.0033998712     0.0001657178     0.0003064301
    0.0048688064    -0.0047929230     0.0000315023
   -0.0032171436     0.0035242948     0.0015768120
   -0.0041847810     0.0012872809     0.0008619278
   -0.0048249744    -0.0006963812    -0.0002045649
    0.0040067959    -0.0081831091    -0.0018495402
   -0.0078382049     0.0001244605     0.0005049080
   -0.0069691147    -0.0031960431    -0.0012051829
   -0.0049447424    -0.0067844243    -0.0029544633
    0.0002387799     0.0013386000     0.0019430055
   -0.0008372049     0.0012450377     0.0019083902
    0.0007563963     0.0014928975     0.0019728543
    0.0010813276     0.0014056027     0.0012672063
    0.0008711334     0.0015434558     0.0017707519
   -0.0014077915     0.0013368630     0.0020289496
    0.0017622463     0.0012427509     0.0020807804
    0.0012328026     0.0013198731     0.0014603808
    0.0011740643     0.0015235161     0.0005488965
    0.0013419636     0.0016313017     0.0005293255
    0.0016704010     0.0008750800     0.0015331734
    0.0013224867     0.0013403994     0.0010493299
    0.0009466898     0.0017595506     0.0001773377
    0.0009191480     0.0016842032    -0.0004084724
    0.0013231361     0.0018519497    -0.0004893225
   -0.0020607835     0.0012784237    -0.0008580976
    0.0018599703     0.0000401473     0.0016296356
    0.0016794018     0.0008476974     0.0015540362
    0.0013271211     0.0015342001     0.0009786785
    0.0008018867     0.0021891750     0.0000913120
    0.0003023706     0.0018954336    -0.0008644653
    0.0004312365     0.0016362632    -0.0014930217
    0.0009460421     0.0019660148    -0.0017746587
   -0.0015317195     0.0015428262    -0.0025921442
    0.0021324558    -0.0003300316     0.0019574141
    0.0022637828     0.0008258355     0.0019156945
    0.0016876850     0.0018867368     0.0011793471
    0.0009803232     0.0027963766    -0.0000218180
   -0.0001939186     0.0023187941    -0.0010633425
   -0.0006110448     0.0016365247    -0.0019242017
   -0.0004417801     0.0012524540    -0.0026612977
   -0.0000448905     0.0014235983    -0.0033176020
   -0.0010771150     0.0009348750    -0.0050314569
   -0.0001827860     0.0010412088    -0.0047758706
   -0.0007749031     0.0027375383    -0.0014671683
   -0.0017122844     0.0016811323    -0.0023153420
   -0.0019580997     0.0007118907    -0.0032236649
   -0.0017639107     0.0000157702    -0.0042055166
   -0.0014001775    -0.0003443668    -0.0052049581
   -0.0011274117    -0.0005267973    -0.0061017272
   -0.0009102372    -0.0008546605    -0.0067678844
   -0.0003682866    -0.0013671082    -0.0071408353
    0.0007227441    -0.0015949918    -0.0072260666
    0.0020335189    -0.0009872061    -0.0070232834
    0.0028935334     0.0006656856    -0.0065007738
   -0.0018457173     0.0030133890    -0.0019670888
   -0.0032815522     0.0015588250    -0.0026867410
   -0.0039759799    -0.0001258835    -0.0036399895
   -0.0039989063    -0.0018775929    -0.0047549951
   -0.0033868715    -0.0035163799    -0.0059230121
   -0.0022509802    -0.0048776964    -0.0069884102
    0.0024945883    -0.0021568902     0.0008621920
   -0.0010740853     0.0042246436    -0.0019197399
   -0.0037526583     0.0031522503    -0.0020771040
   -0.0058066190     0.0010523272    -0.0025988981
   -0.0070122486    -0.0018151249    -0.0034050403
    0.0034385820    -0.0022358976     0.0005215651
    0.0037972296    -0.0013125213    -0.0003633520
   -0.0031683426     0.0049514448    -0.0012571153
   -0.0068263503     0.0031659389    -0.0009959202
    0.0049028157    -0.0034137725     0.0001555169
    0.0049536637    -0.0013162294    -0.0003989219
    0.0044514881     0.0009100894    -0.0011585438
    0.0030421729     0.0031944457    -0.0016526321
    0.0003856034     0.0048459545    -0.0016035723
    0.0068768718    -0.0068631620    -0.0013933202
    0.0076504657    -0.0027634542    -0.0012120304
    0.0066414768     0.0012231641    -0.0012310202
    0.0040728543     0.0045739771    -0.0010505866
    0.0000673854     0.0066423055    -0.0003511503
   -0.0013649363    -0.0052757899    -0.0073966143
    0.0003599137    -0.0057952841    -0.0073492296
    0.0023147043    -0.0057523764    -0.0072333399
    0.0043547119    -0.0049228180    -0.0071120058
    0.0061221805    -0.0031114660    -0.0069918783
    0.0070763104    -0.0002477613    -0.0068811036
   -0.0064998729    -0.0055877039    -0.0042830970
   -0.0044780371    -0.0077002884    -0.0043980489
   -0.0020330237    -0.0089107258    -0.0043694662
    0.0005594790    -0.0093228526    -0.0042355790
    0.0031804147    -0.0090088810    -0.0040443209
    0.0057306489    -0.0079222900    -0.0038370046
    0.0079864332    -0.0059473900    -0.0036390508
    0.0095386293    -0.0030468144    -0.0034695698
    0.0098543126     0.0005749762    -0.0033899889
    0.0084273193     0.0043370785    -0.0036341279
   -0.0091099652     0.0001636117    -0.0005302640
   -0.0091306978    -0.0037762255    -0.0003950040
   -0.0076049597    -0.0071095563    -0.0003082250
   -0.0050832418    -0.0094172481    -0.0002218049
   -0.0021100793    -0.0106163681    -0.0001032501
    0.0009408427    -0.0108261017     0.0000665927
    0.0038788290    -0.0101808092     0.0002882395
    0.0065788194    -0.0087163981     0.0005430827
    0.0088304875    -0.0063930494     0.0007963264
    0.0102597170    -0.0032378005     0.0010001813
    0.0103910172     0.0004711451     0.0010977990
    0.0088538897     0.0040787011     0.0010436527
    0.0056712152     0.0065896830     0.0009066660
   -0.0070989566     0.0040854191     0.0023300844
   -0.0089057547     0.0002300656     0.0031924960
   -0.0087424800    -0.0037337119     0.0037648557
   -0.0070016524    -0.0069856661     0.0040999864
   -0.0043014594    -0.0090924966     0.0042805262
   -0.0012330197    -0.0099861280     0.0043969454
    0.0017955062    -0.0098033785     0.0045215957
    0.0045537033    -0.0086985878     0.0046875003
    0.0068624531    -0.0067480425     0.0048782072
    0.0084545742    -0.0039998066     0.0050305981
    0.0089345482    -0.0006316446     0.0050511961
    0.0078905264     0.0028890467     0.0048483676
    0.0051189524     0.0057672509     0.0043837546
    0.0008353114     0.0070482733     0.0037184177
   -0.0042625719     0.0059532047     0.0029301146
    0.0016285482     0.0072147743    -0.0000846049
   -0.0033804354     0.0067633286     0.0011878345
   -0.0053947338     0.0046618951     0.0047439795
   -0.0069830761     0.0008680844     0.0062642094
   -0.0064935631    -0.0028075958     0.0071927300
   -0.0045170784    -0.0054994525     0.0076560714
   -0.0018178474    -0.0068454074     0.0078265047
    0.0009617196    -0.0068769940     0.0078659396
    0.0034017290    -0.0057827299     0.0078708459
    0.0052026392    -0.0037393792     0.0078385835
    0.0060243219    -0.0009328977     0.0076661658
    0.0054457439     0.0022689599     0.0071823117
    0.0031244054     0.0051573408     0.0062018977
   -0.0009189807     0.0067016568     0.0045726470
   -0.0060218506     0.0057863009     0.0021644009
    0.0036675622     0.0075678365    -0.0001738446
   -0.0016390546     0.0073323369     0.0025866456
   -0.0030863665     0.0054188931     0.0057299443
   -0.0041599263     0.0018337640     0.0078850812
   -0.0031155834    -0.0010728115     0.0089545497
   -0.0010008226    -0.0024295270     0.0092891250
    0.0011504382    -0.0021304486     0.0092054849
    0.0025947615    -0.0004572525     0.0088402004
    0.0027511896     0.0021481127     0.0080760970
    0.0011017937     0.0049455547     0.0065818428
   -0.0025174551     0.0066985323     0.0039223220
   -0.0072917879     0.0058551401    -0.0003335558
    0.0005011356     0.0080124555     0.0022226989
   -0.0011669298     0.0063995558     0.0051176145
   -0.0015898229     0.0036765043     0.0075079844
   -0.0005522564     0.0024415737     0.0081971105
    0.0003335481     0.0031575774     0.0077241240
   -0.0001947430     0.0051722961     0.0061351430
   -0.0027185849     0.0070519406     0.0029066483
    0.0015932582     0.0086076048     0.0004309932
   -0.0006234492     0.0071613553     0.0037067053
   -0.0010116664     0.0067696191     0.0040269736
   -0.0028308063     0.0080060302    -0.0000059418
    0.0008442109     0.0088866294    -0.0014096828
   -0.0011666114     0.0086807011    -0.0017345564
   -0.0012391292     0.0014050088     0.0007658501
   -0.0013448519     0.0004114578     0.0010238386
   -0.0004824045     0.0029637723    -0.0013636398
   -0.0015041472     0.0024259537    -0.0003616093
   -0.0021457188     0.0012607180     0.0002147745
   -0.0019701099     0.0000352127     0.0004331479
    0.0003395756     0.0035043532    -0.0028344860
   -0.0012295480     0.0028774370    -0.0017473329
   -0.0021535103     0.0016353872    -0.0010900141
   -0.0021739926     0.0003327585    -0.0006689002
   -0.0014897949    -0.0004661540    -0.0003728927
    0.0035177306     0.0038483968    -0.0047150735
    0.0006442576     0.0035095307    -0.0031634104
   -0.0010660749     0.0022593265    -0.0023079881
   -0.0015120605     0.0008712384    -0.0016476719
    0.0022126264     0.0040541482    -0.0030167533
    0.0000596729     0.0025512508    -0.0022390458
   -0.0017083063    -0.0024406199     0.0013325459
   -0.0006259421    -0.0030968629     0.0014288779
    0.0005274113    -0.0031346602     0.0015215807
   -0.0026905221    -0.0025880259     0.0003224535
   -0.0014497660    -0.0038025906     0.0002078905
    0.0001586596    -0.0042430930     0.0002397539
    0.0016183848    -0.0039757601     0.0004284143
   -0.0038128634    -0.0012295491    -0.0002558083
   -0.0029823504    -0.0030687947    -0.0008775890
   -0.0013312583    -0.0043304567    -0.0011960553
    0.0006111122    -0.0047374947    -0.0011602105
    0.0023373460    -0.0045969409    -0.0007906211
   -0.0037892792    -0.0029518814    -0.0016094939
   -0.0018785174    -0.0044810311    -0.0022326127
    0.0003518452    -0.0054230557    -0.0022827786
    0.0026910322    -0.0067002496    -0.0018954127
   -0.0047443263    -0.0047433995    -0.0023488931
   -0.0016600036    -0.0073076084    -0.0031742531
   -0.0009447064     0.0004310961     0.0035485684
   -0.0003162423     0.0014717217     0.0032513135
   -0.0016422440     0.0013908247     0.0024923138
   -0.0021666998     0.0005008118     0.0024157449
   -0.0016167162    -0.0007254210     0.0031148472
   -0.0000841580    -0.0009459678     0.0037395184
    0.0006546341     0.0003473315     0.0037788225
    0.0013440978     0.0014378627     0.0030072290
   -0.0020523892    -0.0014858946     0.0019893041
   -0.0008608048    -0.0022453610     0.0025681910
    0.0006251857    -0.0021514357     0.0029665562
    0.0017335056    -0.0011731156     0.0031550298
    0.0019850784     0.0002331967     0.0031582205
   -0.0008513084    -0.0026193994     0.0011945200
    0.0004644071    -0.0027861307     0.0015171086
    0.0016875104    -0.0022629145     0.0017667515
    0.0024578574    -0.0012135217     0.0019762510
    0.0026155935     0.0000536629     0.0021733720
    0.0026076821     0.0002148102     0.0018995154
    0.0023184376     0.0015656121     0.0014764255
    0.0017242819     0.0028530123     0.0001485972
    0.0029533256    -0.0011002641     0.0013719796
    0.0033300543     0.0002248910     0.0011695248
    0.0029188510     0.0017265637     0.0007823175
    0.0017411317     0.0032041771    -0.0007420726
    0.0028552185    -0.0019104711     0.0007040674
    0.0035192701    -0.0009341464     0.0003434724
    0.0037071641     0.0004840317     0.0000332676
    0.0031222935     0.0020219771    -0.0003024406
    0.0008186729     0.0038381880    -0.0016809293
    0.0036914201    -0.0007375250    -0.0005515323
    0.0036419016     0.0008503461    -0.0010170805
    0.0027331670     0.0025607886    -0.0013485118
    0.0035955228     0.0016271750    -0.0015623577
    0.0020143042     0.0035912616    -0.0018718822
    0.0003472429     0.0019128285     0.0021882540
   -0.0010519143     0.0018130972     0.0021421201
    0.0009557880     0.0026139642     0.0012321900
   -0.0003060262     0.0029537549     0.0013357369
   -0.0016228474     0.0025568755     0.0011755781
   -0.0023535143     0.0016895532     0.0008785936
    0.0015458777     0.0024420023    -0.0004596953
    0.0008675442     0.0031568200    -0.0003578675
   -0.0003474239     0.0035046104    -0.0003589141
   -0.0016202728     0.0031878740    -0.0005275743
   -0.0024225065     0.0024094941    -0.0007870920
    0.0008559417     0.0024459242    -0.0023525503
    0.0002305225     0.0029524033    -0.0025084620
   -0.0007365337     0.0030755640    -0.0027059713
   -0.0016340413     0.0026979421    -0.0029683287
   -0.0020908797     0.0020816203    -0.0032415311
   -0.0006900915     0.0013783203    -0.0051557282
   -0.0010539700     0.0011366203    -0.0055745129
   -0.0087319165     0.0033225334     0.0011816602
   -0.0095378582    -0.0019970037    -0.0011445645
   -0.0073464472    -0.0066009073    -0.0032086566
   -0.0026989510    -0.0094293976    -0.0044668879
    0.0026042510    -0.0096311355    -0.0045908158
    0.0069023652    -0.0071483775    -0.0042264616
    0.0091755643    -0.0025275049    -0.0036114223
    0.0085589749     0.0031857305    -0.0024443401
   -0.0087681637     0.0034473266    -0.0016395770
   -0.0087986901    -0.0016262131    -0.0045694900
   -0.0059969747    -0.0058786117    -0.0066378301
   -0.0012223155    -0.0078751490    -0.0077526897
    0.0038102624    -0.0068851394    -0.0078655245
    0.0073354704    -0.0031440741    -0.0070813597
    0.0081011036     0.0021982555    -0.0052980473
    0.0057104371     0.0072922535    -0.0021684944
   -0.0066827268     0.0064349035    -0.0026084144
   -0.0074569358     0.0020960801    -0.0062073239
   -0.0054063100    -0.0021426335    -0.0088170796
   -0.0010799683    -0.0040874057    -0.0101234415
    0.0034349992    -0.0026135124    -0.0099738967
    0.0058472934     0.0016297982    -0.0083064335
    0.0051241749     0.0064885540    -0.0050596496
   -0.0044991171     0.0058982107    -0.0063319532
   -0.0031306163     0.0016504125    -0.0096907487
    0.0012108979     0.0015725947    -0.0102418151
    0.0026853273     0.0059793083    -0.0073665606
   -0.0009162651     0.0057725612    -0.0079716661
   -0.0010795329     0.0007006385     0.0020991266
   -0.0007004082     0.0011182784     0.0018458009
   -0.0011923862     0.0009224195     0.0011593374
   -0.0014346664     0.0005919740     0.0011423476
   -0.0014460505     0.0000772222     0.0019536294
    0.0002621588     0.0011992450     0.0020703890
   -0.0004244804     0.0012371697     0.0015624860
   -0.0009574961     0.0010498520     0.0010027186
   -0.0011348266     0.0008262192     0.0004860082
   -0.0011372946     0.0006511761     0.0002565714
   -0.0012449306     0.0004788215     0.0003256972
   -0.0014884402     0.0001655772     0.0006785764
   -0.0015892055    -0.0004125755     0.0013566416
    0.0009954756     0.0010774347     0.0018397882
   -0.0011585641     0.0009172971     0.0006128763
   -0.0010787071     0.0007221541     0.0000987522
   -0.0008763029     0.0005896155    -0.0001068498
   -0.0007671375     0.0004931585    -0.0001146065
   -0.0008141440     0.0003932852    -0.0000659636
   -0.0010059179     0.0002539894     0.0000293168
   -0.0012713651    -0.0000256651     0.0002506454
   -0.0014355180    -0.0005364857     0.0006383078
   -0.0012623510    -0.0012101588     0.0011638113
    0.0014395575     0.0005379287     0.0020766878
   -0.0013645604     0.0009256421     0.0000701225
   -0.0009551716     0.0007361983    -0.0003065160
   -0.0006386517     0.0006437988    -0.0002863182
   -0.0004961569     0.0005432092    -0.0001239336
   -0.0004705588     0.0003993505    -0.0000293072
   -0.0005117603     0.0002845382    -0.0000552109
   -0.0006448764     0.0002137103    -0.0000990505
   -0.0008638565     0.0000788600    -0.0000585859
   -0.0010724723    -0.0002239131     0.0000853510
   -0.0011350153    -0.0007034677     0.0003079751
   -0.0009299196    -0.0012667150     0.0005806399
   -0.0004061858    -0.0017305838     0.0008688310
    0.0003436723    -0.0018841534     0.0011272096
    0.0010840475    -0.0016215139     0.0013185774
    0.0015735860    -0.0010292651     0.0014388948
    0.0017245464    -0.0003084565     0.0015116619
    0.0016153112     0.0003831345     0.0015426337
   -0.0010950064     0.0010124550    -0.0008303912
   -0.0006030367     0.0009554411    -0.0006802678
   -0.0004523966     0.0009289527    -0.0002721158
   -0.0005003502     0.0007409386     0.0001075660
   -0.0005216879     0.0004259776     0.0002536855
   -0.0004459078     0.0002002262     0.0001643984
   -0.0004013791     0.0001578144     0.0000026247
   -0.0004887148     0.0001763735    -0.0000892664
   -0.0006644226     0.0001024233    -0.0000797857
   -0.0008210138    -0.0001190587    -0.0000024692
   -0.0008678284    -0.0004625300     0.0001062004
   -0.0007451486    -0.0008626804     0.0002254041
   -0.0004307559    -0.0012249321     0.0003450378
    0.0000380153    -0.0014432559     0.0004635444
    0.0005629829    -0.0014450413     0.0005895321
    0.0010283818    -0.0012282917     0.0007386789
    0.0013602770    -0.0008484617     0.0009260707
    0.0015501614    -0.0003566027     0.0011545047
   -0.0003163342     0.0013432160    -0.0014303415
   -0.0003604776     0.0014944198    -0.0007139956
   -0.0007244654     0.0013388242    -0.0000510522
   -0.0009856807     0.0008216834     0.0003337300
   -0.0008869155     0.0002735008     0.0003761657
   -0.0005825466     0.0000286599     0.0002166497
   -0.0003774273     0.0000760387     0.0000503137
   -0.0003858370     0.0001867219    -0.0000216621
   -0.0005234150     0.0001911897     0.0000002019
   -0.0006654939     0.0000561912     0.0000772060
   -0.0007304680    -0.0001808160     0.0001742451
   -0.0006781559    -0.0004655288     0.0002661502
   -0.0005001391    -0.0007394801     0.0003361273
   -0.0002206599    -0.0009503652     0.0003828440
    0.0001161812    -0.0010685176     0.0004267079
    0.0004716684    -0.0010883855     0.0005014226
    0.0008255471    -0.0010139236     0.0006379761
    0.0011741754    -0.0008447883     0.0008642263
    0.0004164594     0.0017700205    -0.0023296926
   -0.0001633038     0.0021256121    -0.0013519186
   -0.0008943018    -0.0000431780     0.0000718231
   -0.0004878487    -0.0000018690     0.0000275392
   -0.0003747321     0.0001736387     0.0000323844
   -0.0004773795     0.0002526314     0.0001007450
   -0.0006414661     0.0001693498     0.0002176201
   -0.0007526230    -0.0000457098     0.0003620526
   -0.0007462318    -0.0003298562     0.0005079114
   -0.0006032278    -0.0006069838     0.0006229499
   -0.0003581070    -0.0008114744     0.0006824815
   -0.0000764652    -0.0009265129     0.0006896003
    0.0002017107    -0.0009856637     0.0006784444
    0.0004908972    -0.0010250748     0.0006942826
    0.0008328201    -0.0010486643     0.0007752416
    0.0012773825    -0.0010543859     0.0009732940
    0.0022054211     0.0014106072    -0.0041928029
    0.0013223568     0.0023432414    -0.0028914102
   -0.0012819786     0.0002540485    -0.0004660210
   -0.0007632401     0.0000363308    -0.0002317203
   -0.0004752869     0.0001533431    -0.0000493994
   -0.0004951679     0.0002877386     0.0001115937
   -0.0006907006     0.0002588350     0.0002752241
   -0.0009021987     0.0000303060     0.0004557441
   -0.0010009999    -0.0003556837     0.0006502957
   -0.0008994789    -0.0007985585     0.0008339667
   -0.0005918386    -0.0011564387     0.0009680909
   -0.0001794298    -0.0013253435     0.0010242449
    0.0002011375    -0.0013226369     0.0010068944
    0.0004971340    -0.0012606915     0.0009519500
    0.0007694537    -0.0012331595     0.0009024254
    0.0011188038    -0.0012624297     0.0008888888
    0.0048143879     0.0014696675    -0.0045508303
    0.0027516827     0.0026876143    -0.0032208813
   -0.0007692750     0.0004749655    -0.0006693244
   -0.0005647691     0.0003723725    -0.0002342203
   -0.0006134404     0.0004146006     0.0000796297
   -0.0008815918     0.0003315565     0.0003053469
   -0.0012115449    -0.0000038561     0.0004880684
   -0.0014161726    -0.0006002393     0.0006543350
   -0.0013162699    -0.0013393982     0.0008050200
   -0.0008427814    -0.0019725365     0.0009245721
   -0.0001423892    -0.0022568906     0.0009965188
    0.0005076481    -0.0021648938     0.0010159990
    0.0009473770    -0.0019006316     0.0009921340
    0.0012504015    -0.0016819138     0.0009389057
    0.0015968878    -0.0015795700     0.0008575805
    0.0061108306     0.0027541804    -0.0028344553
    0.0029736336     0.0032088398    -0.0021942467
    0.0009019879     0.0025906878    -0.0017133162
   -0.0001008227     0.0016942689    -0.0011603050
   -0.0004456191     0.0010746648    -0.0005764792
   -0.0006481846     0.0007938685    -0.0000959534
   -0.0009775719     0.0006015641     0.0002163554
   -0.0014302106     0.0002358062     0.0003766625
   -0.0018401839    -0.0004556558     0.0004247216
   -0.0019424382    -0.0014600740     0.0003981426
    0.0013209464    -0.0028672848     0.0005220467
    0.0018077938    -0.0024187652     0.0006199051
    0.0022328128    -0.0020890808     0.0006278321
    0.0034739106     0.0040114567    -0.0005059812
    0.0010875027     0.0030655687    -0.0004952412
   -0.0001499483     0.0020941917    -0.0002248553
   -0.0008390820     0.0014023980     0.0000995336
   -0.0014036579     0.0008760520     0.0002988303
   -0.0019753703     0.0002435294     0.0002968507
   -0.0024198852    -0.0007141230     0.0000879894
   -0.0024072678    -0.0019971613    -0.0002679487
    0.0020150070    -0.0034510673    -0.0002259927
    0.0028046606    -0.0030184585     0.0000405683
    0.0007059707     0.0042680803     0.0010739323
   -0.0009401892     0.0027604330     0.0006512734
   -0.0018579753     0.0015985014     0.0005090930
   -0.0025081808     0.0006051745     0.0003042799
   -0.0029623405    -0.0005222944    -0.0001332011
   -0.0029397887    -0.0019248351    -0.0007939656
    0.0026820008    -0.0044886953    -0.0010893280
   -0.0026589048     0.0041055404     0.0017199872
   -0.0035020248     0.0018937091     0.0007408277
   -0.0039003365     0.0001744766     0.0000427497
   -0.0039040966    -0.0014855214    -0.0008000988
   -0.0031672034    -0.0032315657    -0.0017423593
    0.0007489592    -0.0060186556    -0.0025708773
   -0.0066107435    -0.0001021381    -0.0005504297
   -0.0056490991    -0.0028942238    -0.0018283072
   -0.0039029636    -0.0057373405    -0.0032416860
    0.0001001948     0.0011991238     0.0014287837
   -0.0006220394     0.0011573095     0.0013598438
    0.0005107966     0.0012205609     0.0016147591
    0.0007140360     0.0012042077     0.0010312279
    0.0004489608     0.0013187677     0.0011745411
   -0.0001896983     0.0013863971     0.0013980565
   -0.0009414732     0.0011920013     0.0011856166
    0.0009109220     0.0010892894     0.0012527924
    0.0008800402     0.0012357160     0.0005745399
    0.0008370296     0.0013436294     0.0004626824
    0.0007556293     0.0015750379     0.0006918027
    0.0002834304     0.0018929436     0.0010885280
   -0.0013172310     0.0015294084     0.0008375435
   -0.0015018473     0.0010557044     0.0003200450
    0.0013043578     0.0007476226     0.0012737976
    0.0010429583     0.0010640336     0.0009093038
    0.0008099322     0.0013412012     0.0002489255
    0.0007090544     0.0013754478    -0.0001224563
    0.0007881695     0.0014718487    -0.0002488849
    0.0008384712     0.0018286871    -0.0000839465
   -0.0016739423     0.0016903262    -0.0002174745
   -0.0015268561     0.0011808999    -0.0005632951
    0.0015129210     0.0001904558     0.0012706231
    0.0013126805     0.0007207061     0.0010976544
    0.0010605945     0.0011441609     0.0007192460
    0.0007111877     0.0015475075     0.0000898454
    0.0003939374     0.0014915407    -0.0004722498
    0.0003426071     0.0013802571    -0.0008866885
    0.0004921756     0.0014617330    -0.0011108721
    0.0005916117     0.0018663878    -0.0011483914
   -0.0013834628     0.0013442588    -0.0017534251
   -0.0009854560     0.0012000081    -0.0016713991
    0.0015020235    -0.0004818633     0.0011821075
    0.0015900817     0.0000910903     0.0012833987
    0.0015106177     0.0007612126     0.0011261710
    0.0011673101     0.0013172086     0.0006846515
    0.0007157457     0.0018544491    -0.0000348528
    0.0000720833     0.0017099788    -0.0006828522
   -0.0002482719     0.0013877116    -0.0012471731
   -0.0002587303     0.0011397526    -0.0017182614
   -0.0001003454     0.0011330010    -0.0021034735
   -0.0000074721     0.0013995558    -0.0024076168
   -0.0001978559     0.0017526164    -0.0026505868
   -0.0010087594     0.0010659738    -0.0032500505
   -0.0006197336     0.0008038280    -0.0032748286
   -0.0001612649     0.0010001960    -0.0030567937
    0.0017221457    -0.0006905947     0.0012191141
    0.0020542957    -0.0000473777     0.0012823561
    0.0020176954     0.0008239307     0.0010932538
    0.0014894045     0.0015666452     0.0006125272
    0.0007443060     0.0022104470    -0.0003231805
   -0.0002647661     0.0019853134    -0.0009143340
   -0.0009043279     0.0014638260    -0.0014924830
   -0.0011690852     0.0008984825    -0.0020609628
   -0.0011493466     0.0004413557    -0.0026296232
   -0.0009757617     0.0001703172    -0.0031891657
   -0.0008024764     0.0000635485    -0.0037097179
   -0.0007126866    -0.0000212581    -0.0041534920
   -0.0006141216    -0.0002305690    -0.0044889862
   -0.0003079116    -0.0005245317    -0.0046957814
    0.0002853219    -0.0006531527    -0.0047562548
    0.0009984779    -0.0003522689    -0.0046437842
    0.0015099763     0.0004859584    -0.0043202216
    0.0016186274    -0.0012648507     0.0009861622
    0.0022326085    -0.0009133010     0.0009740898
    0.0005244431     0.0025441623    -0.0007944591
   -0.0007962594     0.0022374360    -0.0012092578
   -0.0017500540     0.0015179472    -0.0016973049
   -0.0022982390     0.0006177825    -0.0022598242
   -0.0024776093    -0.0003279877    -0.0028868856
   -0.0023314290    -0.0012247735    -0.0035519065
   -0.0019235155    -0.0019998358    -0.0042075384
   -0.0013236590    -0.0026297260    -0.0047912084
   -0.0005494890    -0.0031219574    -0.0052441708
    0.0004401271    -0.0034257973    -0.0055321054
    0.0016443810    -0.0033757599    -0.0056465199
    0.0029021405    -0.0027651258    -0.0055855899
    0.0038862275    -0.0014950797    -0.0053439734
    0.0042052117     0.0003599770    -0.0049428652
    0.0020997897    -0.0013794159     0.0006562517
   -0.0001938824     0.0028540212    -0.0011836881
   -0.0018075970     0.0023904029    -0.0014016214
   -0.0030896236     0.0013581199    -0.0017601975
   -0.0039283342    -0.0000550643    -0.0022531752
   -0.0042532062    -0.0017140542    -0.0028435914
   -0.0039948919    -0.0034621797    -0.0034801512
    0.0025562262    -0.0013887903     0.0002907471
    0.0029019927    -0.0007128984    -0.0001661434
   -0.0012939338     0.0032613163    -0.0011123750
   -0.0033128114     0.0025284596    -0.0010975152
   -0.0050357436     0.0009641732    -0.0012076933
   -0.0061923702    -0.0013055331    -0.0014278296
    0.0032490184    -0.0015586034    -0.0000317658
    0.0032785912    -0.0004451892    -0.0004698511
    0.0030173704     0.0008196449    -0.0008928122
    0.0021946201     0.0021316990    -0.0011455033
    0.0006797006     0.0030848813    -0.0011802974
   -0.0024811997     0.0039751821    -0.0003232721
   -0.0051751338     0.0027871864     0.0001788418
    0.0043675332    -0.0024437974    -0.0006357833
    0.0042887351    -0.0005665559    -0.0007859653
    0.0035993018     0.0012748038    -0.0009622184
    0.0022176099     0.0028957851    -0.0009807852
    0.0001199902     0.0039321770    -0.0007474504
    0.0056872915    -0.0049859017    -0.0024402078
    0.0062151374    -0.0017713449    -0.0019592037
    0.0053619921     0.0012952097    -0.0015054947
    0.0033359988     0.0037863417    -0.0008958925
    0.0003420612     0.0052650999     0.0000288314
   -0.0006948795    -0.0047876402    -0.0050859217
    0.0006875491    -0.0050073864    -0.0050453279
    0.0021608813    -0.0048167710    -0.0049637314
    0.0036218080    -0.0041147516    -0.0048672956
    0.0048705471    -0.0028179049    -0.0047625457
    0.0056180653    -0.0009120076    -0.0046553549
   -0.0043042738    -0.0050677449    -0.0029730849
   -0.0027736279    -0.0062783386    -0.0030209311
   -0.0010332349    -0.0069463336    -0.0029919571
    0.0007870507    -0.0071158533    -0.0029055785
    0.0026107734    -0.0068063835    -0.0027849119
    0.0043563011    -0.0059914737    -0.0026505812
    0.0058828872    -0.0046262107    -0.0025179057
    0.0069694024    -0.0027081801    -0.0024011695
    0.0073372436    -0.0003461199    -0.0023305850
    0.0067084304     0.0021786954    -0.0023922315
   -0.0067914587    -0.0017160135    -0.0004677167
   -0.0062103419    -0.0041506934    -0.0004170413
   -0.0048617665    -0.0060832402    -0.0003746509
   -0.0030421126    -0.0073727915    -0.0003196177
   -0.0010089357    -0.0080118279    -0.0002386099
    0.0010619618    -0.0080569042    -0.0001266997
    0.0030624728    -0.0075594140     0.0000118910
    0.0048996551    -0.0065325647     0.0001646526
    0.0064389456    -0.0049687345     0.0003121725
    0.0074770410    -0.0028982564     0.0004288735
    0.0077661593    -0.0004638132     0.0004831766
    0.0070938007     0.0020206976     0.0004422702
    0.0054084574     0.0040592394     0.0003045074
   -0.0049081145     0.0033003959     0.0010773580
   -0.0064249271     0.0008576043     0.0016411494
   -0.0067523153    -0.0018368893     0.0020434326
   -0.0060183909    -0.0042873993     0.0023096171
   -0.0045064541    -0.0061648303     0.0024771995
   -0.0025459463    -0.0073249020     0.0025879827
   -0.0004205002    -0.0077673752     0.0026801566
    0.0016721273    -0.0075599119     0.0027798592
    0.0036010815    -0.0067687839     0.0028950860
    0.0052471541    -0.0054319013     0.0030134437
    0.0064501137    -0.0035857891     0.0031038550
    0.0069954236    -0.0013312514     0.0031225344
    0.0066591789     0.0010979340     0.0030248428
    0.0053030229     0.0033067190     0.0027874293
    0.0029797511     0.0047926003     0.0024420119
   -0.0000227761     0.0051020904     0.0020853831
   -0.0041961017     0.0035082445     0.0026930258
   -0.0055913411     0.0009927744     0.0036819592
   -0.0056714584    -0.0016753731     0.0043638093
   -0.0046587799    -0.0039344801     0.0047809435
   -0.0029365793    -0.0054537242     0.0050043416
   -0.0009009586    -0.0061309394     0.0051126417
    0.0011361205    -0.0060120763     0.0051703681
    0.0029583968    -0.0051913360     0.0052100467
    0.0043900156    -0.0037560180     0.0052227837
    0.0052306084    -0.0018067283     0.0051598315
    0.0052414684     0.0004665590     0.0049454722
    0.0042113013     0.0027109289     0.0045002030
    0.0020792528     0.0044055247     0.0037683335
   -0.0009458570     0.0049604127     0.0027299447
   -0.0043179838     0.0038917969     0.0013630673
    0.0053347677     0.0035434212    -0.0017848208
    0.0018841231     0.0053254810    -0.0001241829
   -0.0015586474     0.0051733284     0.0014025162
   -0.0028352021     0.0040003469     0.0035603875
   -0.0040397053     0.0016762420     0.0049624664
   -0.0039473078    -0.0006750033     0.0058698001
   -0.0028670195    -0.0024772540     0.0063729963
   -0.0012518176    -0.0034395348     0.0065903002
    0.0004711458    -0.0035163804     0.0066317073
    0.0019746627    -0.0027969552     0.0065634167
    0.0030038807    -0.0014190395     0.0063853548
    0.0033162441     0.0004300293     0.0060295766
    0.0026778109     0.0024428146     0.0053800253
    0.0009567194     0.0041330580     0.0043053018
   -0.0017188253     0.0048724983     0.0026882867
   -0.0048031383     0.0040538887     0.0004409702
    0.0029034863     0.0054753060    -0.0008242056
   -0.0003576592     0.0055240172     0.0016244062
   -0.0015473245     0.0044710160     0.0036810586
   -0.0023762472     0.0023449633     0.0054492012
   -0.0019253177     0.0005147053     0.0064196078
   -0.0007521424    -0.0004097569     0.0067936767
    0.0004987915    -0.0002747786     0.0067569528
    0.0012983762     0.0007722625     0.0063902126
    0.0012403131     0.0023996719     0.0056257401
    0.0000528139     0.0040643481     0.0042720791
   -0.0022147529     0.0049848324     0.0020920569
   -0.0048737775     0.0043431105    -0.0010822867
    0.0034559834     0.0054810909    -0.0026040079
    0.0006473496     0.0058719278     0.0009866951
   -0.0006693619     0.0049735848     0.0031085913
   -0.0010326713     0.0033798198     0.0049244685
   -0.0005164757     0.0025916303     0.0055369173
   -0.0000555143     0.0029901935     0.0052113158
   -0.0004482109     0.0041813430     0.0039793363
   -0.0019688264     0.0052296905     0.0016116072
   -0.0038753228     0.0050246231    -0.0020634405
    0.0009083917     0.0061311310    -0.0001211200
   -0.0005451979     0.0053129022     0.0023025653
   -0.0008190661     0.0050691064     0.0025788745
   -0.0018497398     0.0057277619    -0.0000659935
    0.0002724598     0.0062168841    -0.0010097297
   -0.0008848074     0.0060788466    -0.0010549818
   -0.0011168321     0.0012868464     0.0000136731
   -0.0012600027     0.0005513450     0.0002894667
   -0.0003803399     0.0022250290    -0.0013544864
   -0.0011687968     0.0016088189    -0.0007274565
   -0.0014714292     0.0007709642    -0.0003525904
    0.0007045262     0.0025758818    -0.0023035682
   -0.0005568919     0.0019936418    -0.0015775961
   -0.0011526422     0.0011252243    -0.0010985520
    0.0008324699     0.0025849037    -0.0020723534
   -0.0003156950     0.0017076467    -0.0015293402
   -0.0003267367    -0.0027958224     0.0007172381
   -0.0019469887    -0.0024094313    -0.0000867519
   -0.0009357163    -0.0031890579    -0.0001932420
    0.0002556841    -0.0034834239    -0.0001723264
    0.0013680375    -0.0033874731    -0.0000273612
   -0.0021124464    -0.0028052239    -0.0009379540
   -0.0008508280    -0.0036153438    -0.0011451473
    0.0005574999    -0.0039813013    -0.0011332551
   -0.0016952548    -0.0038599375    -0.0018870086
    0.0000875802    -0.0048500379    -0.0020922990
   -0.0007322178     0.0003265635     0.0025683524
   -0.0011631970    -0.0004190303     0.0022871163
   -0.0001715859    -0.0005660460     0.0027377733
    0.0003132021     0.0002692776     0.0027921793
   -0.0006716158    -0.0014474560     0.0020274274
    0.0003159129    -0.0013910249     0.0023336038
    0.0010630485    -0.0007470967     0.0024877197
    0.0012496193     0.0001991618     0.0024982132
    0.0004271784    -0.0019035600     0.0014990921
    0.0012151568    -0.0014955420     0.0016802795
    0.0023170464     0.0004066288     0.0010245374
    0.0019761562     0.0013704910     0.0006957885
    0.0026134380    -0.0004825642     0.0006084672
    0.0026584821     0.0005198138     0.0003797622
    0.0021976331     0.0015554856     0.0000852418
    0.0028663231    -0.0003285859    -0.0000754374
    0.0027563306     0.0007658605    -0.0003552900
    0.0021102315     0.0018709458    -0.0006172967
    0.0027088594     0.0011974118    -0.0009263539
    0.0017282492     0.0024206644    -0.0011485606
   -0.0002898423     0.0021445394     0.0008516050
   -0.0011362748     0.0018947398     0.0007343242
    0.0005962630     0.0022439352    -0.0002251005
   -0.0001101657     0.0024742166    -0.0002326877
   -0.0009108564     0.0023735713    -0.0003301293
   -0.0015241814     0.0019793725    -0.0004954798
    0.0002015996     0.0021575897    -0.0016331240
   -0.0003956870     0.0022705820    -0.0017537369
   -0.0010065530     0.0021018067    -0.0019240795
   -0.0014063971     0.0017437228    -0.0021194824
   -0.0069246003     0.0009695346    -0.0007505975
   -0.0066162855    -0.0025813082    -0.0024484389
   -0.0044624759    -0.0054301227    -0.0038055508
   -0.0010484846    -0.0068801928    -0.0045200828
    0.0025203883    -0.0065331662    -0.0045767766
    0.0053017743    -0.0044746291    -0.0042521925
    0.0066440796    -0.0011323454    -0.0036092843
    0.0060607221     0.0027637345    -0.0024667944
   -0.0064491506     0.0014066553    -0.0027735184
   -0.0057431930    -0.0018515835    -0.0046785072
   -0.0033929813    -0.0042653700    -0.0059814288
   -0.0000919914    -0.0050800446    -0.0065981919
    0.0030987805    -0.0040048415    -0.0065245650
    0.0051814282    -0.0013110459    -0.0057998957
    0.0054902697     0.0022333287    -0.0043514002
   -0.0051341719     0.0020674603    -0.0047373901
   -0.0037803900    -0.0008271455    -0.0067295201
   -0.0008613029    -0.0021654938    -0.0077295212
    0.0021926062    -0.0011610713    -0.0076059683
    0.0038075854     0.0017315084    -0.0063164628
    0.0032936314     0.0050158559    -0.0038632869
   -0.0030867140     0.0046677006    -0.0044299904
   -0.0022177139     0.0018283037    -0.0069692497
    0.0006474659     0.0017659565    -0.0073931133
    0.0015954389     0.0047061596    -0.0052431186
   -0.0007641096     0.0045837421    -0.0055324883
