   -0.0006435497     0.0024517032     0.0037477184
   -0.0025205206     0.0011336329     0.0021982989
   -0.0022782156     0.0005893335     0.0005033152
   -0.0015213444     0.0004024388    -0.0000448408
   -0.0019113792     0.0004886446    -0.0002759897
   -0.0041389793     0.0000327408     0.0000830043
   -0.0038240101     0.0001014502     0.0021271265
   -0.0014089846     0.0005554079     0.0009626819
   -0.0003261407     0.0006941115     0.0023955123
   -0.0002205203    -0.0003019364     0.0030320124
   -0.0001099202    -0.0006692433     0.0011631129
   -0.0009956213    -0.0000454089    -0.0003657632
   -0.0025232903    -0.0007600313    -0.0006629160
   -0.0033836193    -0.0034853350    -0.0005133691
   -0.0016389741     0.0030716588     0.0006405203
   -0.0007734046    -0.0025930938     0.0023545387
   -0.0001444581    -0.0004148295     0.0001838613
   -0.0008242773     0.0000717369    -0.0002609270
   -0.0011824924    -0.0004588817    -0.0004072508
   -0.0010522676    -0.0013771205    -0.0007012496
   -0.0002694196    -0.0023706630    -0.0011511447
    0.0009884782    -0.0028270578    -0.0013774557
    0.0020407086    -0.0024415581    -0.0009516414
    0.0024748694    -0.0019028100     0.0002809524
   -0.0002029244    -0.0014958958     0.0003241954
   -0.0005367710     0.0002149617     0.0003161233
   -0.0011739377     0.0001196411     0.0010032014
   -0.0011944813    -0.0005846929     0.0019769188
   -0.0004579416    -0.0009858456     0.0024277408
    0.0000620691    -0.0007354650     0.0018731529
   -0.0000424903    -0.0008098003     0.0010778814
    0.0001574231    -0.0015405570     0.0008873985
    0.0010471170    -0.0036419383     0.0020644920
   -0.0003623173    -0.0011499022    -0.0002336875
   -0.0014793590     0.0004194332     0.0008684212
   -0.0034922854    -0.0011879613     0.0023445819
    0.0024363040    -0.0019319102     0.0033739794
    0.0011908198    -0.0018712959     0.0023174853
   -0.0010817489    -0.0014955974    -0.0026794710
   -0.0013106731     0.0005837330     0.0003124416
   -0.0050631227    -0.0002228210     0.0010970379
    0.0045665286    -0.0026967199     0.0026105455
    0.0090700120     0.0128157978    -0.0056898171
    0.0013254168     0.0060573946    -0.0044397906
   -0.0007828654     0.0021855230    -0.0013434235
   -0.0027419084     0.0017194893     0.0007608941
   -0.0044604125     0.0064012970     0.0025477040
   -0.0063286614     0.0021437128     0.0018415936
   -0.0136090329    -0.0062350364     0.0012801946
    0.0001774665     0.0018615706     0.0041820883
    0.0021632281     0.0012274570     0.0031337187
    0.0034016511     0.0012091794     0.0017860418
    0.0031794991     0.0007227854     0.0025661143
    0.0024897327     0.0014134747     0.0019540514
    0.0019109779     0.0022885552     0.0003673544
    0.0042974107     0.0018280958    -0.0000158601
    0.0028650320    -0.0014465295     0.0024599728
    0.0026967285     0.0000962583     0.0041875949
    0.0023028783     0.0023461353     0.0029489183
    0.0016769904     0.0045694546     0.0012504721
    0.0012534289     0.0023708886    -0.0015471352
    0.0043638569     0.0031198365    -0.0025581553
   -0.0056226791     0.0030599535    -0.0036903675
   -0.0002490631     0.0039080355    -0.0021533794
    0.0001816279     0.0023052114    -0.0042081075
    0.0017335703     0.0035153230    -0.0067160413
   -0.0039538222     0.0024250749    -0.0109238992
   -0.0011233857     0.0028158476    -0.0099067653
   -0.0024292463     0.0047194198    -0.0044054037
   -0.0038339502     0.0017434126    -0.0067678715
   -0.0037822202    -0.0004659179    -0.0101035723
   -0.0029360649    -0.0019178682    -0.0136421491
   -0.0031095111     0.0080755839    -0.0056460588
   -0.0092069389     0.0038443995    -0.0064684788
    0.0049763806    -0.0039735157     0.0016288240
    0.0110297039    -0.0093837894     0.0031471770
    0.0107451514    -0.0016103297     0.0007241430
    0.0070531786     0.0054571297    -0.0022499358
   -0.0003319563     0.0107880084    -0.0030861102
   -0.0063865655    -0.0045573133    -0.0127043212
   -0.0037080707    -0.0076692878    -0.0128453634
   -0.0005814787    -0.0092579919    -0.0124580551
    0.0031188687    -0.0098175572    -0.0120020584
    0.0075671682    -0.0086472581    -0.0117890076
    0.0117122760    -0.0045521905    -0.0118207621
    0.0131598729     0.0029063134    -0.0121990940
   -0.0150271217    -0.0035381372    -0.0054337362
   -0.0124470421    -0.0104910549    -0.0054031897
   -0.0074912073    -0.0146875640    -0.0051907669
   -0.0020317228    -0.0162956071    -0.0047728374
    0.0031755073    -0.0161852763    -0.0041891090
    0.0082657992    -0.0147642122    -0.0035210594
    0.0132565782    -0.0115773325    -0.0028576094
    0.0171807209    -0.0059361922    -0.0022822454
    0.0181191839     0.0018815571    -0.0019164991
    0.0143276136     0.0096727780    -0.0019500830
   -0.0154064141     0.0036749935     0.0040025193
   -0.0160440584    -0.0058427625     0.0049613960
   -0.0116439561    -0.0130547026     0.0053123551
   -0.0051154879    -0.0164617830     0.0053811938
    0.0013014302    -0.0166761551     0.0055493931
    0.0069147202    -0.0148001649     0.0060580389
    0.0117412077    -0.0110851847     0.0068916878
    0.0150719923    -0.0050993931     0.0077744470
    0.0149933197     0.0028185507     0.0082819050
    0.0095311262     0.0102417138     0.0081087989
   -0.0015180126     0.0129297035     0.0074286818
    0.0043635148     0.0133299319     0.0007487347
   -0.0082102336     0.0116540795     0.0023724117
   -0.0104779579     0.0054414930     0.0113224873
   -0.0105387854    -0.0035868652     0.0133114668
   -0.0058228972    -0.0091859506     0.0136563394
   -0.0000106953    -0.0104606431     0.0133552726
    0.0047983963    -0.0085185650     0.0132274500
    0.0079081937    -0.0042327207     0.0134416143
    0.0082288002     0.0020716190     0.0134112117
    0.0036771773     0.0088764395     0.0120829229
   -0.0072380819     0.0120962002     0.0083101479
   -0.0026610203     0.0136922882     0.0070142596
   -0.0032856336     0.0091371144     0.0123454792
   -0.0031953879     0.0024213961     0.0151553607
   -0.0000980546     0.0001818682     0.0152329572
    0.0020551073     0.0021689959     0.0143255134
    0.0011030688     0.0068559316     0.0125455306
   -0.0049235491     0.0119116870     0.0080954919
    0.0040659572     0.0163900924     0.0043411913
   -0.0001213235     0.0125272470     0.0083186691
   -0.0013637250     0.0117005059     0.0082034232
   -0.0071019940     0.0154968462    -0.0002205445
   -0.0014836310     0.0030708694     0.0038179187
   -0.0027650989     0.0010698467     0.0047815278
   -0.0019366105    -0.0016461478     0.0041383933
   -0.0027448975     0.0062496419     0.0012280907
   -0.0055066562     0.0039802830     0.0026393901
   -0.0060749248    -0.0001868415     0.0030653915
   -0.0036332750    -0.0032451818     0.0025433262
   -0.0002081648     0.0080029119    -0.0056131884
   -0.0032416638     0.0077433465    -0.0031450366
   -0.0066188261     0.0047638054    -0.0017228256
   -0.0074017732     0.0002536933    -0.0009373280
   -0.0051322896    -0.0032473471    -0.0004828453
   -0.0017957747    -0.0038358527    -0.0002014813
    0.0015684440     0.0084389479    -0.0086280028
   -0.0036393302     0.0057465933    -0.0063213097
   -0.0054747128     0.0010695359    -0.0049378983
   -0.0035861802    -0.0024249050    -0.0034082761
    0.0063035899     0.0093151811    -0.0096991080
   -0.0002452659     0.0050074323    -0.0073772929
   -0.0016056100     0.0007876647    -0.0052822735
   -0.0018486271    -0.0026571194     0.0037909595
    0.0002059140    -0.0029743671     0.0041422537
   -0.0048039386    -0.0015294397     0.0019464144
   -0.0038870965    -0.0045332938     0.0023841956
   -0.0010443842    -0.0063256552     0.0026530177
    0.0021174638    -0.0058682007     0.0028610697
    0.0038710326    -0.0039028231     0.0030500253
   -0.0056153641     0.0003644434     0.0004851511
   -0.0060365475    -0.0033847361    -0.0002691732
   -0.0034360016    -0.0069527807    -0.0008480113
    0.0008995316    -0.0079551379    -0.0008436412
    0.0044166971    -0.0062501877    -0.0001729780
    0.0056927034    -0.0039615604     0.0010715773
   -0.0069642684     0.0006591155    -0.0003812288
   -0.0063660889    -0.0030973758    -0.0026398940
   -0.0030193959    -0.0064880766    -0.0039953216
    0.0015925910    -0.0070930665    -0.0038301056
    0.0047031826    -0.0060324037    -0.0020921202
    0.0069093364    -0.0080928042     0.0013826327
   -0.0096658805    -0.0022782844    -0.0005361036
   -0.0055246201    -0.0043713560    -0.0040150290
   -0.0007909171    -0.0069299492    -0.0044851919
    0.0016665839    -0.0131548164    -0.0011292727
   -0.0072239552    -0.0101933617    -0.0021009046
   -0.0014067271     0.0007087562     0.0078299435
    0.0003593450     0.0035043666     0.0064996027
   -0.0031891210     0.0032266833     0.0051422488
   -0.0047885881     0.0007925995     0.0051158961
   -0.0033363967    -0.0025610907     0.0065704066
    0.0009028173    -0.0030432777     0.0076943133
    0.0029072216     0.0005514496     0.0075696119
    0.0039058917     0.0032030355     0.0046385366
    0.0006021563     0.0042515371     0.0043108732
   -0.0055421975    -0.0003397713     0.0016663338
   -0.0049884050    -0.0033191901     0.0027717451
   -0.0022179244    -0.0058194089     0.0038134800
    0.0018369398    -0.0059929619     0.0045127450
    0.0050253582    -0.0034754387     0.0047909365
    0.0057144938     0.0002613869     0.0047583244
   -0.0024889747    -0.0051322830    -0.0000289124
    0.0003765745    -0.0061292224     0.0002410355
    0.0034113097    -0.0053337578     0.0005565199
    0.0054066307    -0.0030484514     0.0009608032
    0.0058052675    -0.0003394838     0.0016181423
    0.0022414459     0.0038682167     0.0025033662
    0.0021343780    -0.0030634178     0.0035379996
    0.0034573126    -0.0013340113     0.0045064714
    0.0037727613     0.0017112644     0.0042138884
    0.0036511031     0.0048277832     0.0016610240
    0.0032808461    -0.0041478415     0.0029804382
    0.0057249293    -0.0018849364     0.0032278972
    0.0060063948     0.0018980916     0.0028338565
    0.0045151026     0.0054818994    -0.0008894996
    0.0010285773     0.0064326858    -0.0019597910
    0.0021963532    -0.0048937320     0.0013543831
    0.0048413269    -0.0043260191     0.0006841748
    0.0070510167    -0.0016680070     0.0002179972
    0.0070665004     0.0022683629    -0.0002493690
    0.0026167466     0.0064565389    -0.0038717096
    0.0045572861    -0.0037154471    -0.0012169340
    0.0063354039    -0.0010935418    -0.0026240189
    0.0059770005     0.0030564114    -0.0033672186
   -0.0015327349     0.0087008883    -0.0055236846
    0.0055385632     0.0006221412    -0.0034528237
    0.0037702144     0.0048896304    -0.0047385184
   -0.0002026989     0.0004573969     0.0063360354
    0.0019192734     0.0029095621     0.0062528559
   -0.0020502088     0.0029007438     0.0065196975
   -0.0035975798     0.0002135691     0.0053638651
    0.0031389680     0.0007679236     0.0050533689
    0.0050548577     0.0029262684     0.0028021224
    0.0031050564     0.0058584977     0.0039702015
   -0.0011583094     0.0069023482     0.0044192328
   -0.0048887920     0.0048475531     0.0039255782
   -0.0058598089     0.0016040566     0.0031021684
    0.0049485272     0.0025615924    -0.0008462184
    0.0047960885     0.0053670961    -0.0005639742
    0.0019957249     0.0081237290    -0.0002813887
   -0.0023297106     0.0085120773    -0.0003435202
   -0.0057542413     0.0063022430    -0.0007346456
   -0.0067105849     0.0033559078    -0.0010047520
    0.0037056536     0.0041136689    -0.0045184364
    0.0024534729     0.0063023594    -0.0054153812
   -0.0004696953     0.0075282588    -0.0060371536
   -0.0036977217     0.0068034829    -0.0065515361
   -0.0056398098     0.0048088232    -0.0069717603
   -0.0024092470     0.0033071937    -0.0134858615
   -0.0169010542    -0.0024811665     0.0041504786
   -0.0127193979    -0.0117910265     0.0003261253
   -0.0018550082    -0.0171666888    -0.0008590589
    0.0084871003    -0.0164177198     0.0005942730
    0.0153492600    -0.0091183606     0.0007354732
    0.0160501796     0.0026479089     0.0002579720
   -0.0176143205     0.0029893775     0.0004862414
   -0.0161607915    -0.0086671974    -0.0040548461
   -0.0077158988    -0.0167434916    -0.0069509320
    0.0040720033    -0.0179851132    -0.0079668044
    0.0138340895    -0.0115602323    -0.0074548189
    0.0172109472     0.0002489665    -0.0053880038
    0.0120481042     0.0125138514    -0.0006163486
   -0.0127162591     0.0137068938    -0.0005191332
   -0.0163147794     0.0048154158    -0.0072355325
   -0.0137468738    -0.0059825244    -0.0125801166
   -0.0044261043    -0.0126265369    -0.0155813157
    0.0069695951    -0.0108868119    -0.0159378518
    0.0139031369    -0.0014283385    -0.0134581074
    0.0128009906     0.0103117650    -0.0077377978
    0.0029144282     0.0163162775    -0.0082487021
   -0.0046055787     0.0159782286    -0.0081790251
   -0.0101136613     0.0084695191    -0.0134179444
   -0.0064316602    -0.0013123396    -0.0188211077
    0.0040693597    -0.0013430977    -0.0196260689
    0.0079215003     0.0088996468    -0.0146791623
   -0.0009765797     0.0082681351    -0.0172483003
   -0.0023173551     0.0017544819     0.0016213710
   -0.0005022377     0.0018136149     0.0023136477
   -0.0015917893     0.0010752049     0.0013247150
   -0.0016686511     0.0006457586     0.0002842467
   -0.0014073395     0.0004983580    -0.0002035938
   -0.0016776413     0.0004929877    -0.0002360011
   -0.0027412844     0.0000972478     0.0003296654
   -0.0020528711     0.0002840060     0.0009737972
   -0.0011688335     0.0002082582     0.0000958268
   -0.0004737816     0.0001680049     0.0001327417
   -0.0002366023     0.0000547194     0.0001493333
   -0.0004327781     0.0000861867    -0.0002675067
   -0.0011587633     0.0001165782    -0.0005275834
   -0.0021180405    -0.0006026015    -0.0002764152
   -0.0017396286     0.0007908217     0.0000852284
   -0.0006686383     0.0010586499     0.0006200482
   -0.0006210073     0.0009007748     0.0017951158
   -0.0006440927    -0.0000744099     0.0020320550
   -0.0001519051    -0.0005561996     0.0009908413
   -0.0000160580    -0.0001089110    -0.0000630693
   -0.0004959454     0.0002033609    -0.0004878072
   -0.0010540714    -0.0001321461    -0.0005604516
   -0.0012917821    -0.0009998760    -0.0005616011
   -0.0009226503    -0.0021338605    -0.0005370763
    0.0026623566    -0.0009428177     0.0005285366
   -0.0019843080     0.0020036258    -0.0013524999
   -0.0009700525     0.0030048457    -0.0000163965
   -0.0008068649    -0.0014489649     0.0012288125
    0.0000887772    -0.0003807680     0.0001676354
   -0.0000985938     0.0003259340    -0.0001611091
   -0.0004763772     0.0003984442    -0.0001565318
   -0.0006927026     0.0001520219    -0.0000864760
   -0.0006867063    -0.0002205506    -0.0000793027
   -0.0004664414    -0.0005994844    -0.0001878216
   -0.0001196662    -0.0008999000    -0.0003152747
    0.0002826384    -0.0010869773    -0.0002661897
    0.0007128452    -0.0011540690     0.0000740788
    0.0011987805    -0.0012803256     0.0008995934
   -0.0003172447     0.0041893250    -0.0035312507
   -0.0007976731    -0.0016504625     0.0002869241
    0.0000579954    -0.0001330575     0.0000870018
   -0.0002761206     0.0005151983     0.0002381877
   -0.0007307679     0.0004176707     0.0006274056
   -0.0008794739    -0.0000350056     0.0011208282
   -0.0005977958    -0.0004276614     0.0014503582
   -0.0002133708    -0.0004654842     0.0013911365
   -0.0001128148    -0.0004138813     0.0010717397
   -0.0000907855    -0.0006564612     0.0008347220
    0.0002353318    -0.0011970542     0.0009024865
    0.0028038011     0.0044364087    -0.0079786051
   -0.0008416795    -0.0014000155    -0.0006000061
   -0.0001246193     0.0000752589     0.0001182159
   -0.0008035400     0.0005595476     0.0006509570
   -0.0017042458    -0.0001514373     0.0012954386
   -0.0018583058    -0.0017242957     0.0020593494
    0.0011533929    -0.0015704567     0.0022760690
    0.0008030760    -0.0011101037     0.0018172965
    0.0007960745    -0.0015743938     0.0015198337
   -0.0008914693    -0.0004897152    -0.0016780184
   -0.0003539585     0.0003011262    -0.0000485427
   -0.0013173568     0.0006905604     0.0007170124
   -0.0029427372    -0.0004621231     0.0010432838
    0.0026893847    -0.0022970450     0.0019050010
    0.0021468919    -0.0020350452     0.0018168469
    0.0056443404     0.0069565792    -0.0040108659
    0.0010693587     0.0038860287    -0.0031198936
   -0.0002023706     0.0016835955    -0.0013067469
   -0.0008303951     0.0011989899     0.0002685081
   -0.0023318465     0.0009183359     0.0007779491
    0.0040098487    -0.0033334682     0.0015312275
    0.0009054652     0.0065978887     0.0010269993
   -0.0015471468     0.0031839805     0.0010476925
   -0.0030156530     0.0015801625     0.0012080725
   -0.0065692409     0.0052512265     0.0036336157
   -0.0066125034     0.0008979907     0.0018614856
    0.0007968990     0.0007574442     0.0027311154
   -0.0008871504     0.0005450944     0.0030145820
    0.0012422788     0.0011854927     0.0020234446
    0.0018027156     0.0010146081     0.0012823831
    0.0022560611     0.0009878959     0.0017170588
    0.0016037098     0.0010497257     0.0012348727
    0.0014287045     0.0013254997     0.0001987117
    0.0023613208     0.0013436705     0.0004022324
   -0.0032272130     0.0007101109     0.0010388001
    0.0017121795     0.0005576537     0.0014634753
    0.0014135055     0.0012524984     0.0009492970
    0.0008687470     0.0019415815     0.0001116112
    0.0010981874     0.0014646328    -0.0008956775
    0.0025188331     0.0019091336    -0.0009121792
    0.0016892758    -0.0008137367     0.0019655278
    0.0016287875     0.0017793043     0.0016722625
    0.0011273258     0.0030628221     0.0004022177
    0.0000613647     0.0020500758    -0.0011749772
    0.0005311497     0.0014529062    -0.0021744820
    0.0017516106     0.0022776434    -0.0028550736
   -0.0030759702     0.0022211094    -0.0044007719
   -0.0014911541     0.0024015686    -0.0038161150
    0.0012002454    -0.0021781875     0.0017148974
   -0.0006691206     0.0027825573    -0.0017036404
   -0.0011316698     0.0014543447    -0.0029312194
   -0.0006631890     0.0009893341    -0.0042864102
   -0.0001128929     0.0014962872    -0.0057839607
   -0.0018972423     0.0011532835    -0.0084231965
   -0.0007271586     0.0001410115    -0.0083312937
    0.0009402787     0.0008615629    -0.0078669531
    0.0014943314     0.0040908425    -0.0069687845
   -0.0020982362     0.0032000888    -0.0027218979
   -0.0034278496     0.0011738015    -0.0039503175
   -0.0037041221    -0.0007213774    -0.0056419711
   -0.0031963595    -0.0023732361    -0.0075670823
   -0.0022182677    -0.0036385729    -0.0093721353
   -0.0016448373     0.0051351700    -0.0029941195
   -0.0052868537     0.0031731931    -0.0032823976
   -0.0077661196    -0.0002226654    -0.0044400553
    0.0035418323    -0.0028047678     0.0017332927
    0.0035933047    -0.0021568070     0.0003439845
   -0.0055126937     0.0062004497    -0.0016218782
    0.0058810413    -0.0061559388     0.0013805632
    0.0062809034    -0.0030081773     0.0008927006
    0.0056715262     0.0002917460    -0.0005550940
    0.0038003677     0.0036690645    -0.0018829556
   -0.0000390135     0.0062653997    -0.0020991419
    0.0075942837     0.0057617187    -0.0004223141
    0.0012088491    -0.0026663081    -0.0102529635
   -0.0047602113    -0.0054627876    -0.0080188395
   -0.0026424728    -0.0070997794    -0.0081082519
   -0.0003146608    -0.0079393341    -0.0079461163
    0.0022331106    -0.0081305246    -0.0076941889
    0.0050383927    -0.0074666564    -0.0074797494
    0.0078057688    -0.0055307637    -0.0073503138
    0.0097804341    -0.0020328157    -0.0073181060
    0.0098615234     0.0029398818    -0.0076401822
   -0.0104193430    -0.0008659162    -0.0033591701
   -0.0097584379    -0.0055527644    -0.0034706723
   -0.0073259549    -0.0090545867    -0.0034919888
   -0.0040454380    -0.0110811582    -0.0033862313
   -0.0005910017    -0.0118352330    -0.0031580009
    0.0027912386    -0.0116354123    -0.0028364512
    0.0061015724    -0.0105750553    -0.0024674484
    0.0092378123    -0.0084612296    -0.0021005542
    0.0117326592    -0.0050531837    -0.0017865545
    0.0127650335    -0.0004592936    -0.0015992088
    0.0114979533     0.0045075621    -0.0016793566
    0.0076885665     0.0081464160    -0.0021167878
   -0.0100115659     0.0036998533     0.0014833155
   -0.0115906282    -0.0017514091     0.0020893252
   -0.0103555049    -0.0068075953     0.0024219114
   -0.0072309009    -0.0103757154     0.0025783625
   -0.0033176957    -0.0121557107     0.0026785142
    0.0006072853    -0.0124141746     0.0028358465
    0.0042369734    -0.0115252600     0.0031165137
    0.0074992369    -0.0096238126     0.0035158492
    0.0101734020    -0.0065987085     0.0039568221
    0.0116629199    -0.0024172182     0.0043078276
    0.0111278088     0.0024392575     0.0044269252
    0.0079546644     0.0067436439     0.0042620767
    0.0022779729     0.0087775363     0.0040151720
   -0.0054184266     0.0078144433     0.0005703526
   -0.0082741555     0.0042223804     0.0059226484
   -0.0095069558    -0.0014307472     0.0072772206
   -0.0076602666    -0.0061897641     0.0078954269
   -0.0041206775    -0.0089504109     0.0080335191
   -0.0002118934    -0.0096435430     0.0080053591
    0.0033094041    -0.0087026510     0.0080513809
    0.0061321039    -0.0064664097     0.0082412296
    0.0078976242    -0.0030362778     0.0084446381
    0.0078812421     0.0013287598     0.0083779977
    0.0052157916     0.0056736398     0.0077172558
   -0.0004576524     0.0081932890     0.0062231897
   -0.0083156869     0.0066318029     0.0037153995
    0.0047196396     0.0094078498     0.0007974946
   -0.0033210197     0.0086727349     0.0037369378
   -0.0046276561     0.0055599143     0.0080423932
   -0.0054092323     0.0003928559     0.0101363345
   -0.0032860775    -0.0031415595     0.0108386709
   -0.0001951078    -0.0041982399     0.0108073545
    0.0024512443    -0.0030918297     0.0105560558
    0.0038679477    -0.0003651697     0.0101960054
    0.0032841109     0.0034115321     0.0093655606
   -0.0002079232     0.0070126993     0.0073669853
   -0.0068154109     0.0080847945     0.0033265077
    0.0003658755     0.0098638528     0.0039841101
   -0.0013789191     0.0071944570     0.0074468891
   -0.0014966920     0.0033820096     0.0098274593
    0.0000532863     0.0024273851     0.0099969117
    0.0006088613     0.0042491019     0.0089315230
   -0.0015241564     0.0073918237     0.0062779266
   -0.0069025702     0.0090778225     0.0004184335
    0.0028541128     0.0110488111     0.0012717605
   -0.0002823855     0.0090332200     0.0046431836
   -0.0011402669     0.0085192189     0.0047966468
   -0.0041070561     0.0103152330    -0.0006082702
    0.0020958871     0.0117397018    -0.0021716152
   -0.0012385710     0.0114934600    -0.0031999345
   -0.0008957657     0.0009894581     0.0021460409
   -0.0008950620    -0.0001570254     0.0022165964
   -0.0016354721     0.0030995284     0.0010347469
   -0.0026811922     0.0018917198     0.0018402009
   -0.0027720834    -0.0000028486     0.0020503906
   -0.0016332280    -0.0013691535     0.0016701134
   -0.0005619587     0.0046399858    -0.0025627296
   -0.0021904516     0.0042998216    -0.0010503782
   -0.0037716101     0.0026179717    -0.0001181252
   -0.0040489253     0.0002750061     0.0003388473
   -0.0028394823    -0.0015312167     0.0004527772
    0.0020495684     0.0051105138    -0.0062509617
   -0.0007247012     0.0049352495    -0.0039346585
   -0.0030452736     0.0032119151    -0.0027439349
   -0.0037434846     0.0007533760    -0.0019844132
   -0.0027595513    -0.0011730276    -0.0013470661
    0.0036916980     0.0055529309    -0.0062183393
   -0.0002458082     0.0040036622    -0.0046176062
   -0.0018374644     0.0016201895    -0.0035759319
   -0.0014657185    -0.0001925968    -0.0024265080
    0.0041095458     0.0061109586    -0.0043766910
    0.0005779611     0.0032820122    -0.0033112947
   -0.0014101210    -0.0022884282     0.0022343614
   -0.0000771147    -0.0026937534     0.0024228028
    0.0010145967    -0.0022117855     0.0024717559
   -0.0031476200    -0.0022602968     0.0009989611
   -0.0018667369    -0.0039346819     0.0009836131
    0.0001001562    -0.0045166731     0.0010704356
    0.0018425815    -0.0039450604     0.0012924460
    0.0027299272    -0.0028689767     0.0016451312
   -0.0041235199    -0.0012832843    -0.0000856387
   -0.0032434272    -0.0035482270    -0.0007218456
   -0.0011684197    -0.0049704915    -0.0009957200
    0.0011958279    -0.0050676197    -0.0008198306
    0.0029395052    -0.0042811996    -0.0002023584
    0.0039704729    -0.0037073491     0.0008169228
   -0.0050377290    -0.0006845562    -0.0003813859
   -0.0039429093    -0.0029636444    -0.0017791676
   -0.0016771374    -0.0046822873    -0.0024477729
    0.0009184695    -0.0052492926    -0.0022087451
    0.0030494642    -0.0057873637    -0.0011107621
   -0.0045712465    -0.0041607463    -0.0021118422
   -0.0012929501    -0.0066062806    -0.0026556734
   -0.0010104514     0.0004436439     0.0046779165
   -0.0000417948     0.0019527273     0.0040608506
   -0.0020077202     0.0018017381     0.0031416768
   -0.0028498144     0.0005041483     0.0030743958
   -0.0020545371    -0.0013109048     0.0040017091
    0.0002700647    -0.0016024122     0.0047658384
    0.0013818724     0.0003446486     0.0047353027
    0.0022249180     0.0017770854     0.0032666777
    0.0005059161     0.0024492879     0.0030117185
   -0.0033206093    -0.0007462183     0.0013822898
   -0.0026397325    -0.0023424440     0.0021622092
   -0.0009121439    -0.0034123955     0.0028316282
    0.0012372856    -0.0032287959     0.0032618924
    0.0028078226    -0.0017887542     0.0034274101
    0.0031316270     0.0001815924     0.0033954206
   -0.0021770731    -0.0025521507     0.0002626504
   -0.0008755555    -0.0035269874     0.0006062593
    0.0008366299    -0.0037103767     0.0008915601
    0.0024070604    -0.0029949148     0.0011263966
    0.0033600019    -0.0016389556     0.0013522725
    0.0035301613    -0.0001077470     0.0016367853
    0.0020529836    -0.0001740346     0.0024779173
    0.0020041531     0.0012971787     0.0021844671
    0.0018917372     0.0027971433     0.0010517016
    0.0022230212    -0.0017067564     0.0021148179
    0.0031243744    -0.0003819702     0.0022231981
    0.0030411422     0.0014273516     0.0018865841
    0.0024845814     0.0033121469     0.0000199762
    0.0017345811    -0.0026347198     0.0013554409
    0.0031831144    -0.0020168686     0.0011813395
    0.0041420102    -0.0004256592     0.0009792100
    0.0039410184     0.0016604739     0.0006209913
    0.0021051683     0.0038655557    -0.0015489556
    0.0024225264    -0.0026116679     0.0006029724
    0.0035896992    -0.0018332137    -0.0001642041
    0.0043405616    -0.0001108825    -0.0006942232
    0.0039054654     0.0020971188    -0.0011056371
    0.0003913681     0.0048048005    -0.0027718662
    0.0037946763    -0.0011716058    -0.0009014617
    0.0039011394     0.0006883825    -0.0018406096
    0.0029265454     0.0029731126    -0.0023757876
    0.0043759225     0.0020652923    -0.0017464259
    0.0019548714     0.0049025181    -0.0024534062
   -0.0002288822     0.0007190583     0.0036564342
    0.0009639835     0.0019102090     0.0035862365
   -0.0012155476     0.0018704037     0.0037130500
   -0.0021617923     0.0005038278     0.0030805266
    0.0027933751     0.0018616950     0.0016656949
    0.0019481859     0.0032540018     0.0023150993
   -0.0000843284     0.0040429822     0.0026710416
   -0.0022458987     0.0034193090     0.0025120754
   -0.0033307333     0.0018712889     0.0020369645
    0.0028700634     0.0028871591    -0.0002515630
    0.0018599944     0.0044092396     0.0000448745
   -0.0001502532     0.0051993850     0.0001502742
   -0.0023081267     0.0047477928    -0.0000021034
   -0.0036720948     0.0033895873    -0.0003122847
   -0.0038846617     0.0019953765    -0.0004585310
    0.0018359120     0.0035348101    -0.0028989229
    0.0005497982     0.0045823036    -0.0031378744
   -0.0012752876     0.0047346109    -0.0034043133
   -0.0028228720     0.0039275134    -0.0037219799
   -0.0034841324     0.0027960787    -0.0039973507
   -0.0003201457     0.0024475991    -0.0068464525
   -0.0013182011     0.0022991830    -0.0075272040
   -0.0020276493     0.0015819076    -0.0082159498
   -0.0116068774    -0.0002729244     0.0018708157
   -0.0103304635    -0.0067275447    -0.0005846412
   -0.0050013876    -0.0112438062    -0.0025413337
    0.0020006906    -0.0125521622    -0.0026506094
    0.0079001511    -0.0101120307    -0.0022050923
    0.0113111849    -0.0044264337    -0.0018669595
    0.0108035199     0.0031312310    -0.0011599940
   -0.0114870375     0.0033862272    -0.0006607975
   -0.0114339155    -0.0033443527    -0.0039422672
   -0.0076792539    -0.0088942255    -0.0062347007
   -0.0013527781    -0.0114727166    -0.0074883334
    0.0053037031    -0.0101533758    -0.0076520264
    0.0099912544    -0.0052046911    -0.0068724460
    0.0110259932     0.0018957081    -0.0049729129
    0.0077968770     0.0087220000    -0.0014158304
   -0.0094050317     0.0071945962    -0.0032094017
   -0.0102191459     0.0011643636    -0.0073884652
   -0.0071973767    -0.0046114876    -0.0103919530
   -0.0011214529    -0.0071980130    -0.0118862487
    0.0051809917    -0.0051131923    -0.0117043926
    0.0086029723     0.0007508287    -0.0097385064
    0.0077264215     0.0074733373    -0.0058356223
    0.0014363693     0.0111522346    -0.0051435163
   -0.0029280051     0.0109573698    -0.0049471887
   -0.0062434076     0.0064379867    -0.0087916816
   -0.0040931497     0.0004262630    -0.0126641620
    0.0022421726     0.0003958550    -0.0132353946
    0.0045146167     0.0066677773    -0.0097421738
   -0.0008117075     0.0063095520    -0.0110682675
   -0.0007745012     0.0014231505     0.0022212665
   -0.0014497482     0.0010385760     0.0012541867
   -0.0018479744     0.0006571391     0.0012558652
    0.0005934206     0.0014572786     0.0023270685
   -0.0003862812     0.0012730421     0.0017087316
   -0.0010658666     0.0009201209     0.0010675816
   -0.0012350682     0.0006421076     0.0004199554
   -0.0011818173     0.0004928713     0.0000880815
   -0.0013445491     0.0003920309     0.0001037148
   -0.0018180906     0.0000776372     0.0005234272
    0.0013899384     0.0011207544     0.0017721977
   -0.0010973019     0.0006703109     0.0015710230
   -0.0013144526     0.0004943908     0.0006368968
   -0.0010010357     0.0003414403     0.0000577306
   -0.0006625398     0.0002591039    -0.0001079112
   -0.0005458170     0.0002070420    -0.0001557245
   -0.0007069204     0.0001801236    -0.0002350637
   -0.0011310151     0.0000486801    -0.0001798202
   -0.0016109772    -0.0004778822     0.0001638026
   -0.0017107532    -0.0014869682     0.0007964852
   -0.0014839421     0.0005747081     0.0002434711
   -0.0008173035     0.0004886808    -0.0000281690
   -0.0004396723     0.0004273590     0.0001864026
   -0.0002997198     0.0002287978     0.0003809946
   -0.0002183008     0.0000207575     0.0002382715
   -0.0002343984     0.0000277163    -0.0000975014
   -0.0004759942     0.0001038672    -0.0003144843
   -0.0008490860    -0.0000465511    -0.0003236625
   -0.0011287247    -0.0005338105    -0.0001949735
   -0.0010936169    -0.0012805069     0.0000143488
   -0.0005771414    -0.0020421165     0.0002745084
    0.0021363235    -0.0005054756     0.0010032442
    0.0019102240     0.0002410050     0.0011474199
   -0.0018654280     0.0010952854    -0.0004075200
   -0.0008499128     0.0010951363    -0.0003700912
   -0.0006238018     0.0011890775     0.0003251460
   -0.0008289344     0.0008511316     0.0010144865
   -0.0008226069     0.0001205166     0.0011310050
   -0.0004161944    -0.0003048720     0.0006682573
   -0.0000956064    -0.0001629541     0.0001160154
   -0.0001488534     0.0001231983    -0.0001924239
   -0.0004083687     0.0001897374    -0.0002742130
   -0.0006409229    -0.0000033323    -0.0002586788
   -0.0007211324    -0.0003724484    -0.0002247678
   -0.0005793448    -0.0008142670    -0.0001970497
   -0.0002033549    -0.0011865032    -0.0001696387
    0.0003143510    -0.0013455853    -0.0001094352
    0.0008107895    -0.0012396944     0.0000268835
    0.0011633431    -0.0009387737     0.0002657018
    0.0013717312    -0.0005536083     0.0006326999
   -0.0006700033     0.0018725950    -0.0015199944
   -0.0008012500     0.0023492844    -0.0004077992
   -0.0007895179    -0.0007032155     0.0005925662
   -0.0001252803    -0.0003107283     0.0001463065
   -0.0000468545     0.0001442372    -0.0000444905
   -0.0002445754     0.0003296289    -0.0000477134
   -0.0004499062     0.0002744480     0.0000357074
   -0.0005525949     0.0000869646     0.0001364789
   -0.0005214045    -0.0001452901     0.0002011356
   -0.0003799765    -0.0003539327     0.0001979840
   -0.0001877441    -0.0005162148     0.0001521880
    0.0000281167    -0.0006505785     0.0001403588
    0.0002908627    -0.0007582660     0.0002323894
    0.0006224485    -0.0008278942     0.0004753105
    0.0000549441     0.0030538299    -0.0026163634
   -0.0007410888    -0.0007799685     0.0000687147
   -0.0001085539    -0.0001596700     0.0000373792
   -0.0001438679     0.0002925057     0.0001153155
   -0.0004175323     0.0003804730     0.0002893374
   -0.0006468553     0.0001880250     0.0005327818
   -0.0006822903    -0.0001393199     0.0007875873
   -0.0004946224    -0.0004151895     0.0009589354
   -0.0002241526    -0.0005114549     0.0009775882
   -0.0000454064    -0.0005013400     0.0008739302
    0.0000532680    -0.0005596753     0.0007571437
    0.0002312595    -0.0007411058     0.0007234804
    0.0006106067    -0.0010572033     0.0008516732
    0.0022024160     0.0032001817    -0.0047990413
   -0.0007557816    -0.0005681021    -0.0004365890
   -0.0002030364    -0.0000065886    -0.0000209156
   -0.0003565836     0.0003755285     0.0002822528
   -0.0007965605     0.0002979465     0.0005720680
   -0.0011522219    -0.0002285936     0.0008997566
   -0.0011077393    -0.0009979322     0.0012333163
   -0.0005675235    -0.0015751866     0.0014750972
    0.0001312098    -0.0016106015     0.0015415792
    0.0005313125    -0.0012633110     0.0014455717
    0.0006009355    -0.0009923603     0.0012823746
    0.0006718062    -0.0010118673     0.0011400022
    0.0010236282    -0.0013864870     0.0010510535
    0.0049755341     0.0035795559    -0.0051450874
   -0.0007383260     0.0000832682    -0.0010679349
   -0.0003455063     0.0002293511    -0.0002092495
   -0.0005689413     0.0004825139     0.0003097203
   -0.0012033655     0.0003019237     0.0006062957
   -0.0018325943    -0.0005354605     0.0007932025
    0.0015296997    -0.0019165853     0.0013038159
    0.0015137573    -0.0015475969     0.0012836581
    0.0032664573     0.0042133090    -0.0026328267
    0.0006822323     0.0026662007    -0.0020163073
   -0.0001705013     0.0013796572    -0.0010354671
   -0.0004689632     0.0008999836    -0.0001081690
   -0.0010095393     0.0007479254     0.0004333597
   -0.0018899185     0.0002410963     0.0005502140
   -0.0026701327    -0.0010724043     0.0003017278
    0.0024720259    -0.0025806543     0.0008776352
    0.0028305117     0.0051868810     0.0002097804
    0.0002549893     0.0031843843     0.0000812802
   -0.0009017859     0.0018567927     0.0004383868
   -0.0017393089     0.0010709037     0.0006693845
   -0.0026669279     0.0001872022     0.0004256285
    0.0040132400    -0.0039922227     0.0005833346
   -0.0025258245     0.0028876839     0.0014684615
   -0.0033455504     0.0010215726     0.0009571267
   -0.0039369173    -0.0005772086     0.0001071495
    0.0034427830    -0.0071283331    -0.0009882682
   -0.0066607833    -0.0000832639     0.0008095827
   -0.0059135124    -0.0028914750    -0.0006016966
   -0.0042166996    -0.0060084134    -0.0020523412
    0.0003653826     0.0008667884     0.0017206800
   -0.0005761252     0.0007873117     0.0017816852
    0.0007803977     0.0010424238     0.0015785162
    0.0010700062     0.0009144224     0.0010508318
    0.0009589654     0.0010450338     0.0016945013
   -0.0011162445     0.0009040606     0.0021244414
    0.0015942167     0.0008898866     0.0015113806
    0.0011305862     0.0008808680     0.0010661058
    0.0010886733     0.0010028924     0.0003758844
    0.0013648249     0.0011101922     0.0005371501
    0.0013733485     0.0005669308     0.0009847356
    0.0011167363     0.0008897426     0.0006741765
    0.0008115763     0.0011963235     0.0000515639
    0.0009409281     0.0011406687    -0.0003317972
    0.0014512571     0.0013765581    -0.0002411178
   -0.0019522824     0.0010497782    -0.0002312513
    0.0013766251    -0.0000403621     0.0010053625
    0.0012425616     0.0005455590     0.0010347665
    0.0010176368     0.0010491129     0.0006386477
    0.0006445184     0.0015721878     0.0000391868
    0.0003770770     0.0013316776    -0.0007137938
    0.0006644305     0.0011980679    -0.0011637661
    0.0012590054     0.0016776158    -0.0012854494
   -0.0016809473     0.0014761344    -0.0017911247
    0.0014665349    -0.0003397431     0.0014003106
    0.0016516230     0.0005206692     0.0014643517
    0.0012694500     0.0013507229     0.0009120238
    0.0008194313     0.0021261646     0.0000125929
   -0.0000519413     0.0017289955    -0.0008664168
   -0.0002536301     0.0012170173    -0.0015777758
    0.0000385444     0.0010456363    -0.0021712298
    0.0004650220     0.0014446638    -0.0026857114
   -0.0014275937     0.0012538140    -0.0040695888
   -0.0006459849     0.0011878126    -0.0038780223
   -0.0005152974     0.0021373581    -0.0012340093
   -0.0011898264     0.0012991195    -0.0019759923
   -0.0012776073     0.0006079411    -0.0027679537
   -0.0010377341     0.0002253416    -0.0036227519
   -0.0007572478     0.0001808528    -0.0044907799
   -0.0007010893     0.0002617823    -0.0052645012
   -0.0008058372     0.0000832329    -0.0058320499
   -0.0006283710    -0.0004365604    -0.0061465789
    0.0001359529    -0.0008298218    -0.0062262938
    0.0012271511    -0.0004982990    -0.0060777241
    0.0020010928     0.0008492247    -0.0056651550
   -0.0014342163     0.0024044260    -0.0017398409
   -0.0025624712     0.0012129194    -0.0024013814
   -0.0030588833    -0.0001191332    -0.0032691977
   -0.0030187732    -0.0014502191    -0.0042766099
   -0.0025166069    -0.0026431800    -0.0053234827
   -0.0016838183    -0.0036121959    -0.0062669544
    0.0016512137    -0.0015808442     0.0009091682
   -0.0009244562     0.0034319689    -0.0017228301
   -0.0031587535     0.0025159636    -0.0019149163
   -0.0048411626     0.0007354762    -0.0024317537
   -0.0057889752    -0.0016656600    -0.0031988733
    0.0025622393    -0.0017034156     0.0007971003
    0.0028654932    -0.0010728959    -0.0000400168
   -0.0028675171     0.0040634338    -0.0011360966
   -0.0059802210     0.0024765473    -0.0009887608
    0.0039933078    -0.0028171692     0.0006342719
    0.0040089200    -0.0010869230     0.0000634589
    0.0035734557     0.0007288001    -0.0007114686
    0.0024016298     0.0026163654    -0.0012748266
    0.0001617947     0.0040031452    -0.0013479972
    0.0059421601    -0.0060494959    -0.0006161241
    0.0065796344    -0.0024424676    -0.0005581708
    0.0056421877     0.0010228828    -0.0006753425
    0.0033521435     0.0038964235    -0.0006321812
   -0.0001724509     0.0056360601    -0.0001286752
   -0.0010586321    -0.0038789651    -0.0066123761
    0.0001790367    -0.0043602338    -0.0065464804
    0.0016778377    -0.0044564728    -0.0064324061
    0.0033488267    -0.0039166883    -0.0063355659
    0.0048803378    -0.0025019385    -0.0062701650
    0.0057580779    -0.0000765511    -0.0062574084
   -0.0052805587    -0.0047513989    -0.0040102278
   -0.0035848796    -0.0064114087    -0.0041016066
   -0.0016000361    -0.0073373520    -0.0040605232
    0.0004740311    -0.0076570771    -0.0039243970
    0.0025874945    -0.0074398212    -0.0037404054
    0.0047006724    -0.0066202050    -0.0035507041
    0.0066433148    -0.0050509508    -0.0033844516
    0.0080530142    -0.0026449814    -0.0032684507
    0.0084245163     0.0004641545    -0.0032766299
    0.0072444551     0.0037719295    -0.0036594105
   -0.0078938602    -0.0001470176    -0.0006251161
   -0.0077821795    -0.0034952900    -0.0005457140
   -0.0063755329    -0.0062547323    -0.0004993165
   -0.0041842498    -0.0081009912    -0.0004434335
   -0.0016807729    -0.0090137687    -0.0003483307
    0.0008420362    -0.0091367453    -0.0001970362
    0.0032662906    -0.0086001254     0.0000091811
    0.0055286757    -0.0074195804     0.0002504501
    0.0074745815    -0.0055233006     0.0004909124
    0.0087811164    -0.0028891816     0.0006810008
    0.0090100147     0.0002767568     0.0007602759
    0.0077979392     0.0034079655     0.0006784373
    0.0051388108     0.0055915699     0.0005058708
   -0.0063357355     0.0032845703     0.0021155853
   -0.0077821832    -0.0000987654     0.0027877745
   -0.0075076370    -0.0034962094     0.0032102937
   -0.0059073369    -0.0062080063     0.0034332111
   -0.0035499667    -0.0079004218     0.0035354500
   -0.0009463003    -0.0085650138     0.0036019454
    0.0015808684    -0.0083569963     0.0036988255
    0.0038759615    -0.0074201301     0.0038544546
    0.0058229368    -0.0058035353     0.0040510554
    0.0072107899    -0.0035139028     0.0042277379
    0.0076919650    -0.0006672244     0.0042954354
    0.0068816761     0.0023548455     0.0041673200
    0.0045655227     0.0048572410     0.0038106476
    0.0009016189     0.0059782590     0.0032984860
   -0.0035159620     0.0050070381     0.0027357086
    0.0012161329     0.0061889440     0.0001954130
   -0.0031663549     0.0057005590     0.0012050758
   -0.0047355689     0.0038563946     0.0043457333
   -0.0060273435     0.0005254371     0.0055695357
   -0.0055076125    -0.0026210731     0.0062700509
   -0.0037477446    -0.0048559765     0.0065747324
   -0.0014332320    -0.0059166682     0.0066491779
    0.0008962496    -0.0058785443     0.0066442141
    0.0029177855    -0.0049268839     0.0066466358
    0.0044126824    -0.0032049790     0.0066507492
    0.0051072846    -0.0008422143     0.0065588512
    0.0046287989     0.0018771249     0.0062109381
    0.0026472181     0.0043542590     0.0054351329
   -0.0008614048     0.0056779685     0.0040926406
   -0.0053487279     0.0048315166     0.0020683848
    0.0032313758     0.0065559119     0.0001839831
   -0.0014857060     0.0062699367     0.0025446492
   -0.0025426222     0.0046167759     0.0051781135
   -0.0034440463     0.0014954681     0.0069438766
   -0.0025218421    -0.0009646730     0.0077515861
   -0.0007349261    -0.0020593359     0.0079458457
    0.0010324036    -0.0017560153     0.0078252264
    0.0021822453    -0.0003200225     0.0075126137
    0.0022459771     0.0018871735     0.0068939607
    0.0007693494     0.0042574906     0.0056569003
   -0.0024290537     0.0057219845     0.0033902473
   -0.0066705709     0.0048835685    -0.0003205606
    0.0006155001     0.0069347824     0.0021749441
   -0.0007574808     0.0055887230     0.0044752301
   -0.0011753961     0.0032472550     0.0064613502
   -0.0003656738     0.0022248506     0.0069641448
    0.0002724781     0.0028601750     0.0065053217
   -0.0003124492     0.0045712908     0.0051213582
   -0.0026129283     0.0061316800     0.0023054540
    0.0017252682     0.0075221378     0.0003911944
   -0.0003499529     0.0063479071     0.0030056082
   -0.0008577622     0.0060185163     0.0032055298
   -0.0025909248     0.0070250951    -0.0004008865
    0.0010420049     0.0078144686    -0.0014885100
   -0.0009102956     0.0076456795    -0.0019364856
   -0.0013399985     0.0011141986     0.0010774162
   -0.0013411577     0.0001010791     0.0012258982
   -0.0008684207     0.0027756428    -0.0008681671
   -0.0017927514     0.0021567480    -0.0000272622
   -0.0023049565     0.0009416371     0.0004406973
   -0.0019912668    -0.0002959710     0.0005811823
   -0.0002612601     0.0032953345    -0.0024422427
   -0.0016586156     0.0025730449    -0.0014953211
   -0.0024124105     0.0012750128    -0.0009232337
   -0.0022695396    -0.0000458824    -0.0005594982
   -0.0014293155    -0.0008302154    -0.0003087019
    0.0025944725     0.0035742837    -0.0044200848
    0.0000361883     0.0031279821    -0.0030240628
   -0.0014190071     0.0018185585    -0.0022410447
   -0.0016419948     0.0004134332    -0.0016196918
    0.0016336024     0.0034585216    -0.0030949734
   -0.0001784407     0.0019574301    -0.0023322491
   -0.0013287912    -0.0019002941     0.0012369034
   -0.0004288760    -0.0024058914     0.0013338962
    0.0005004348    -0.0023490406     0.0014270027
   -0.0021818214    -0.0020874799     0.0003789482
   -0.0011359653    -0.0031059566     0.0002951234
    0.0002224961    -0.0034176636     0.0003549988
    0.0013979879    -0.0030963632     0.0005705941
   -0.0030906233    -0.0009437339    -0.0000684328
   -0.0024417656    -0.0025051989    -0.0006160393
   -0.0010447514    -0.0035643708    -0.0008719575
    0.0005897099    -0.0038560941    -0.0007777737
    0.0019793409    -0.0036857794    -0.0003492036
   -0.0031256882    -0.0024289949    -0.0011405659
   -0.0015235496    -0.0037200550    -0.0016646830
    0.0003479691    -0.0045190353    -0.0016156000
    0.0022966197    -0.0057027451    -0.0011142506
   -0.0039959861    -0.0041123028    -0.0016046419
   -0.0013845335    -0.0063644748    -0.0022517616
   -0.0007486435     0.0002916397     0.0030755293
   -0.0001649928     0.0011926531     0.0027866672
   -0.0013598456     0.0011072709     0.0021557637
   -0.0018483722     0.0003352253     0.0020741475
   -0.0013643079    -0.0007365892     0.0026723197
    0.0000200575    -0.0009197959     0.0032025858
    0.0006929620     0.0002275798     0.0032191109
    0.0013041926     0.0011398765     0.0024471573
   -0.0017441932    -0.0013956918     0.0016130874
   -0.0006833820    -0.0020575795     0.0021051291
    0.0006444923    -0.0019601970     0.0024314780
    0.0016294901    -0.0010867237     0.0025674005
    0.0018533749     0.0001327771     0.0025524120
   -0.0006665344    -0.0023062249     0.0007976582
    0.0004752611    -0.0024381709     0.0010521980
    0.0015302053    -0.0019704908     0.0012391939
    0.0021834727    -0.0010651942     0.0013878055
    0.0023162340    -0.0000157478     0.0015352446
    0.0018993026     0.0000469046     0.0014831816
    0.0017655551     0.0011102519     0.0011959498
    0.0014335003     0.0022009785     0.0001660789
    0.0021088246    -0.0009671916     0.0011068535
    0.0025565395     0.0000409334     0.0009828948
    0.0023357765     0.0012642317     0.0006858222
    0.0014953602     0.0025351299    -0.0006122514
    0.0019628090    -0.0015297489     0.0006597283
    0.0026377612    -0.0008627942     0.0003424049
    0.0029339686     0.0002497749     0.0000697414
    0.0025643879     0.0015276074    -0.0002255179
    0.0007067063     0.0030938552    -0.0014726231
    0.0027996330    -0.0006796618    -0.0003248337
    0.0028872016     0.0005723483    -0.0007931363
    0.0022385981     0.0019995152    -0.0011337759
    0.0028418238     0.0012668805    -0.0011921818
    0.0015778576     0.0029054390    -0.0015711556
    0.0005073609     0.0014409820     0.0022507828
   -0.0008084068     0.0013938122     0.0022994154
    0.0011090307     0.0022005377     0.0014943073
   -0.0001183858     0.0026225401     0.0016928219
   -0.0014163415     0.0022578706     0.0015838042
   -0.0021047273     0.0013691437     0.0012947801
    0.0017446691     0.0020560920    -0.0000642018
    0.0010870839     0.0029218753     0.0001423909
   -0.0001577768     0.0033698570     0.0002162417
   -0.0014837469     0.0030914595     0.0001030038
   -0.0023282603     0.0022866515    -0.0001195590
    0.0012286007     0.0023527503    -0.0017219747
    0.0005304356     0.0030351238    -0.0018032298
   -0.0005600813     0.0032637888    -0.0019356881
   -0.0016042048     0.0029118459    -0.0021396619
   -0.0021968281     0.0022372023    -0.0023630622
   -0.0003675996     0.0019411817    -0.0042906903
   -0.0009855243     0.0017912827    -0.0046367622
   -0.0076199401     0.0026425931     0.0013286212
   -0.0082945944    -0.0020375644    -0.0006020306
   -0.0063708295    -0.0060489921    -0.0023220886
   -0.0023111390    -0.0085053901    -0.0033926458
    0.0023378960    -0.0086717168    -0.0035197418
    0.0061325404    -0.0064634073    -0.0032491055
    0.0081375222    -0.0023475458    -0.0027504754
    0.0075496133     0.0027210173    -0.0017504312
   -0.0079000308     0.0027105278    -0.0013587039
   -0.0078390303    -0.0018112496    -0.0038642669
   -0.0052882800    -0.0055735848    -0.0056249554
   -0.0010047141    -0.0073139285    -0.0065817360
    0.0035050329    -0.0063892810    -0.0066857583
    0.0066687085    -0.0030078728    -0.0060015785
    0.0073573065     0.0017886203    -0.0044196767
    0.0052327895     0.0063238694    -0.0016361710
   -0.0061579256     0.0054423515    -0.0025428271
   -0.0067553476     0.0014988823    -0.0056158650
   -0.0048200434    -0.0023020392    -0.0078465356
   -0.0008643950    -0.0040114926    -0.0089551245
    0.0032438004    -0.0026389787    -0.0087986960
    0.0054546671     0.0012138422    -0.0073058934
    0.0048569763     0.0055964130    -0.0044292584
   -0.0040676784     0.0049979503    -0.0059802312
   -0.0027510899     0.0011292865    -0.0088353022
    0.0012642487     0.0010985930    -0.0092596045
    0.0026718183     0.0051230435    -0.0067213147
   -0.0006802263     0.0049146396    -0.0074198032
   -0.0008747217     0.0005169821     0.0017844177
   -0.0005265402     0.0008540226     0.0015631685
   -0.0009645461     0.0006740608     0.0009903741
   -0.0011847150     0.0004068400     0.0009519013
   -0.0012073596    -0.0000194866     0.0016423122
    0.0003217081     0.0009099047     0.0016971695
   -0.0002695408     0.0009065848     0.0013291670
   -0.0007429931     0.0007389674     0.0009064472
   -0.0009106868     0.0005550077     0.0004703801
   -0.0009121724     0.0004167800     0.0002418048
   -0.0010001093     0.0002906337     0.0002529054
   -0.0012192622     0.0000496717     0.0005149961
   -0.0013260505    -0.0004352295     0.0010841461
    0.0009326647     0.0007793781     0.0014138892
   -0.0009314162     0.0006083988     0.0006923470
   -0.0008818808     0.0004576472     0.0002354293
   -0.0007035818     0.0003485583     0.0000244152
   -0.0005906247     0.0002688674    -0.0000293264
   -0.0006090261     0.0001980804    -0.0000468002
   -0.0007629230     0.0001106378    -0.0000254888
   -0.0009997101    -0.0000933322     0.0001174867
   -0.0011629407    -0.0005112111     0.0004220795
   -0.0010322798    -0.0010916802     0.0008610934
    0.0013033577     0.0003752345     0.0015808379
   -0.0011783055     0.0006632868     0.0003538194
   -0.0008331932     0.0005090339    -0.0000181503
   -0.0005497247     0.0004214464    -0.0000374534
   -0.0004030929     0.0003169692     0.0000626843
   -0.0003443902     0.0001803405     0.0000867868
   -0.0003384408     0.0000938928    -0.0000083260
   -0.0004242962     0.0000734716    -0.0001170018
   -0.0006068204     0.0000089925    -0.0001387442
   -0.0008000658    -0.0002070828    -0.0000569738
   -0.0008784570    -0.0005913947     0.0001021662
   -0.0007278427    -0.0010648270     0.0003105240
   -0.0002970277    -0.0014639493     0.0005362010
    0.0003342006    -0.0015980807     0.0007377946
    0.0009550600    -0.0013733635     0.0008812271
    0.0013524934    -0.0008745532     0.0009633590
    0.0014596127    -0.0002905604     0.0010094856
    0.0013641771     0.0002368302     0.0010370461
   -0.0010557474     0.0008361472    -0.0003734361
   -0.0006198648     0.0007744379    -0.0002897792
   -0.0004792928     0.0007221191     0.0000400516
   -0.0004980785     0.0005105510     0.0003382123
   -0.0004649493     0.0001917975     0.0004065903
   -0.0003264620    -0.0000125973     0.0002485543
   -0.0002231646    -0.0000118197     0.0000275949
   -0.0002623597     0.0000678464    -0.0001168636
   -0.0004061177     0.0000704528    -0.0001566319
   -0.0005533327    -0.0000625567    -0.0001274116
   -0.0006197368    -0.0003122228    -0.0000666943
   -0.0005501407    -0.0006236847     0.0000048425
   -0.0003220036    -0.0009162955     0.0000783280
    0.0000355005    -0.0010984368     0.0001536431
    0.0004400139    -0.0011072060     0.0002393397
    0.0007943465    -0.0009421668     0.0003481598
    0.0010392951    -0.0006549970     0.0004901158
    0.0011757736    -0.0002967207     0.0006667966
   -0.0004947572     0.0012246906    -0.0009339203
   -0.0005369146     0.0013202371    -0.0003248368
   -0.0008568416     0.0011128412     0.0002417184
   -0.0010442700     0.0005666358     0.0005407030
   -0.0008610326     0.0000207382     0.0005096435
   -0.0004773323    -0.0001942979     0.0002892655
   -0.0002051281    -0.0000970000     0.0000722341
   -0.0001612897     0.0000793654    -0.0000438662
   -0.0002644900     0.0001630270    -0.0000625102
   -0.0003944314     0.0001176919    -0.0000242903
   -0.0004742766    -0.0000243888     0.0000347542
   -0.0004677049    -0.0002169965     0.0000895667
   -0.0003669106    -0.0004127188     0.0001244441
   -0.0001908393    -0.0005711493     0.0001392611
    0.0000278082    -0.0006710421     0.0001541438
    0.0002638903    -0.0007083539     0.0001994782
    0.0005066867    -0.0006828640     0.0002991871
    0.0007540797    -0.0005925259     0.0004712922
    0.0000236385     0.0016956374    -0.0018164406
   -0.0005073684     0.0019581103    -0.0009685604
   -0.0008293905    -0.0003014973     0.0001458400
   -0.0003385396    -0.0002084028     0.0000563500
   -0.0001595947     0.0000355745     0.0000227082
   -0.0002160238     0.0001969443     0.0000566136
   -0.0003563193     0.0002074985     0.0001410878
   -0.0004702144     0.0000938729     0.0002540635
   -0.0004975148    -0.0000877550     0.0003694279
   -0.0004216439    -0.0002713974     0.0004561537
   -0.0002742466    -0.0004038331     0.0004913329
   -0.0001111649    -0.0004783520     0.0004789740
    0.0000410945    -0.0005312476     0.0004517260
    0.0002071709    -0.0005928073     0.0004500565
    0.0004285294    -0.0006574754     0.0005037183
    0.0007412904    -0.0007225622     0.0006530472
    0.0015121540     0.0014404908    -0.0036213119
    0.0007344128     0.0022218430    -0.0024970077
   -0.0013095117    -0.0000657845    -0.0003917181
   -0.0006733817    -0.0002376781    -0.0001956951
   -0.0002916168    -0.0000524402    -0.0000451165
   -0.0002408518     0.0001672725     0.0000884057
   -0.0003896385     0.0002381454     0.0002269688
   -0.0005813307     0.0001214050     0.0003835198
   -0.0006924338    -0.0001452899     0.0005548443
   -0.0006408326    -0.0004703239     0.0007168739
   -0.0004222807    -0.0007259433     0.0008327299
   -0.0001311678    -0.0008236024     0.0008757832
    0.0001111871    -0.0007898325     0.0008510377
    0.0002686419    -0.0007342724     0.0007928704
    0.0004098658    -0.0007372645     0.0007407709
    0.0006265838    -0.0008058173     0.0007204290
    0.0038343379     0.0014284793    -0.0041565508
    0.0020133305     0.0024618944    -0.0029974275
   -0.0007368310     0.0001303238    -0.0006582182
   -0.0004030969     0.0001009195    -0.0002394098
   -0.0003525004     0.0002396952     0.0000611086
   -0.0005508454     0.0002725115     0.0002752254
   -0.0008430072     0.0000701954     0.0004474497
   -0.0010486668    -0.0003797840     0.0006043827
   -0.0009977132    -0.0009697388     0.0007476580
   -0.0006257504    -0.0014704194     0.0008627856
   -0.0000713441    -0.0016625439     0.0009340329
    0.0004103916    -0.0015335415     0.0009565778
    0.0006849959    -0.0012839846     0.0009391660
    0.0008389502    -0.0011116599     0.0008960860
    0.0010417969    -0.0010643221     0.0008314825
    0.0051248727     0.0024138848    -0.0027926767
    0.0023522782     0.0027611876    -0.0022226147
    0.0005636628     0.0021136562    -0.0017653740
   -0.0002093578     0.0012407224    -0.0012120627
   -0.0003671980     0.0006869190    -0.0006184481
   -0.0004221648     0.0005051259    -0.0001257362
   -0.0006408787     0.0004384299     0.0001991910
   -0.0010199701     0.0002221329     0.0003730234
   -0.0013997946    -0.0002980110     0.0004367822
   -0.0015280713    -0.0011174694     0.0004289958
    0.0010721864    -0.0021545689     0.0006253514
    0.0013775814    -0.0017673649     0.0007361331
    0.0016423649    -0.0015215450     0.0007684583
    0.0030063799     0.0033699201    -0.0007186218
    0.0009444825     0.0024860713    -0.0006549421
   -0.0000560385     0.0016121257    -0.0003306591
   -0.0005669824     0.0010471929     0.0000457405
   -0.0010009289     0.0006749452     0.0002951292
   -0.0014884384     0.0002236208     0.0003443663
   -0.0019048216    -0.0005272818     0.0001913914
   -0.0019389589    -0.0015907894    -0.0001035544
    0.0016459246    -0.0027144937     0.0000903397
    0.0022294362    -0.0023781780     0.0003706305
    0.0007453493     0.0035484913     0.0008330763
   -0.0006559155     0.0022313522     0.0005321982
   -0.0014076171     0.0012654640     0.0004938854
   -0.0019519566     0.0004855009     0.0003887453
   -0.0023661130    -0.0004055236     0.0000558353
   -0.0023918461    -0.0015582944    -0.0004936645
    0.0022375401    -0.0037425174    -0.0005383719
   -0.0021651840     0.0034100818     0.0015922087
   -0.0028661523     0.0015120280     0.0007899402
   -0.0031978715     0.0000847262     0.0002516506
   -0.0032241366    -0.0012812302    -0.0004268186
   -0.0026307663    -0.0027475557    -0.0012049217
    0.0006636359    -0.0052055361    -0.0018024632
   -0.0056824788    -0.0002854408    -0.0002011590
   -0.0048286053    -0.0026645939    -0.0012490321
   -0.0033389225    -0.0051449904    -0.0024221664
    0.0002042264     0.0008207003     0.0012573233
   -0.0004256025     0.0007865293     0.0012600611
    0.0005367301     0.0008615416     0.0012982472
    0.0007174613     0.0008166571     0.0008565176
    0.0005303068     0.0009288597     0.0011161641
   -0.0000350612     0.0010154041     0.0014218157
   -0.0007271695     0.0008462534     0.0012611736
    0.0008397638     0.0007412875     0.0009361808
    0.0008164688     0.0008346789     0.0004169425
    0.0008570220     0.0009379167     0.0004365986
    0.0008415100     0.0011901470     0.0007722302
    0.0004205828     0.0015375972     0.0012497699
   -0.0011200671     0.0012377839     0.0011017589
   -0.0012947171     0.0007748102     0.0006006006
    0.0010840565     0.0004940967     0.0008459117
    0.0008911609     0.0007141707     0.0006100060
    0.0007010609     0.0009172857     0.0001250496
    0.0007125029     0.0009541367    -0.0001042159
    0.0008753086     0.0010911054    -0.0001055810
    0.0009764639     0.0015017448     0.0001638714
   -0.0015491700     0.0015100306     0.0002460061
   -0.0014262272     0.0009887041    -0.0001019511
    0.0011498344     0.0000933384     0.0007838316
    0.0009944160     0.0004747442     0.0007014339
    0.0008331724     0.0007787740     0.0004495039
    0.0005711294     0.0010930515     0.0000131082
    0.0004081112     0.0010518451    -0.0004084141
    0.0004745636     0.0010071733    -0.0006943928
    0.0006957260     0.0011800199    -0.0008033377
    0.0008211797     0.0016803742    -0.0007384868
   -0.0014280397     0.0013061441    -0.0011383594
   -0.0010695610     0.0011017855    -0.0010846401
    0.0010244833    -0.0003727488     0.0007081815
    0.0011065620     0.0000234348     0.0008543256
    0.0010830788     0.0005104317     0.0007824835
    0.0008651461     0.0009252939     0.0004651088
    0.0005625842     0.0013665535    -0.0000491549
    0.0001189472     0.0012515087    -0.0005750462
   -0.0000452439     0.0010225542    -0.0010248300
    0.0000453660     0.0009039315    -0.0013879209
    0.0002467226     0.0010419663    -0.0016699854
    0.0003238744     0.0014506437    -0.0018775182
    0.0000627474     0.0019240187    -0.0020358971
   -0.0011391078     0.0013072170    -0.0025222870
   -0.0008592474     0.0009616164    -0.0025668847
   -0.0004665960     0.0010482752    -0.0023902499
    0.0011215573    -0.0005332761     0.0008504721
    0.0014415138    -0.0000985386     0.0009559904
    0.0014842044     0.0005579170     0.0008455145
    0.0011246815     0.0011416353     0.0004745349
    0.0006077841     0.0016915640    -0.0002654105
   -0.0001612817     0.0015108996    -0.0007694062
   -0.0006099736     0.0011074427    -0.0012608190
   -0.0007446588     0.0007062980    -0.0017413724
   -0.0006608226     0.0004405679    -0.0022196112
   -0.0004951759     0.0003700123    -0.0026877663
   -0.0004052285     0.0004490503    -0.0031209210
   -0.0004677431     0.0005068852    -0.0034886748
   -0.0005702021     0.0003706960    -0.0037675260
   -0.0004812680     0.0000648062    -0.0039438754
   -0.0000838660    -0.0001586454    -0.0040044298
    0.0004868788    -0.0000137146    -0.0039232878
    0.0009236147     0.0006427956    -0.0036580140
    0.0009821796    -0.0008986092     0.0007528185
    0.0015234751    -0.0007334193     0.0007669552
    0.0004419175     0.0019982608    -0.0006732105
   -0.0006102807     0.0017494958    -0.0010453217
   -0.0013439837     0.0011702923    -0.0014819087
   -0.0017342963     0.0004686724    -0.0019830643
   -0.0018277627    -0.0002368526    -0.0025393642
   -0.0016806927    -0.0008697731    -0.0031267541
   -0.0013684559    -0.0013853707    -0.0037026398
   -0.0009608926    -0.0017981986    -0.0042111652
   -0.0004568745    -0.0021556346    -0.0046014623
    0.0002225970    -0.0024370452    -0.0048472840
    0.0011270792    -0.0024870714    -0.0049475967
    0.0021467784    -0.0020831761    -0.0049064661
    0.0029918269    -0.0010853389    -0.0047211617
    0.0032789099     0.0004869678    -0.0044100595
    0.0013950305    -0.0010114463     0.0006126471
   -0.0001829091     0.0022790981    -0.0010300712
   -0.0014992425     0.0018917169    -0.0012500461
   -0.0025279958     0.0010339496    -0.0015938996
   -0.0031785640    -0.0001242835    -0.0020553925
   -0.0034027838    -0.0014624625    -0.0026004316
   -0.0031593329    -0.0028479273    -0.0031819510
    0.0018340122    -0.0010337883     0.0004299439
    0.0021466288    -0.0005813384     0.0000011798
   -0.0011774070     0.0026402557    -0.0009729952
   -0.0028598130     0.0020036586    -0.0010083662
   -0.0042813978     0.0006624096    -0.0011524008
   -0.0052096661    -0.0012644885    -0.0013922529
    0.0025220034    -0.0012157619     0.0002659322
    0.0025435794    -0.0003517343    -0.0001672194
    0.0023504306     0.0006440236    -0.0005994783
    0.0017036971     0.0017099117    -0.0008881149
    0.0004646809     0.0025009590    -0.0009798541
   -0.0022688948     0.0032690865    -0.0002457910
   -0.0045601236     0.0022037574     0.0001351778
    0.0036212873    -0.0020539597    -0.0001699690
    0.0035330840    -0.0004755328    -0.0003630988
    0.0029281074     0.0010610774    -0.0005872925
    0.0017444580     0.0024108157    -0.0006814734
   -0.0000467936     0.0032673585    -0.0005518326
    0.0049497068    -0.0044211351    -0.0016919094
    0.0053810649    -0.0015908942    -0.0013345633
    0.0045954740     0.0010830437    -0.0009977069
    0.0027908025     0.0032278348    -0.0005284127
    0.0001576055     0.0044709466     0.0002185764
   -0.0005473289    -0.0036496901    -0.0045378783
    0.0004887658    -0.0038642637    -0.0044910138
    0.0016393691    -0.0037807920    -0.0044144319
    0.0028331982    -0.0032823144    -0.0043354550
    0.0038969688    -0.0022610561    -0.0042639554
    0.0045586471    -0.0006688606    -0.0042114255
   -0.0034659115    -0.0042447134    -0.0027753084
   -0.0022057116    -0.0051848170    -0.0028143655
   -0.0008032870    -0.0056957866    -0.0027818436
    0.0006539076    -0.0058298034    -0.0026970210
    0.0021277042    -0.0056022824    -0.0025829742
    0.0035698902    -0.0049748065    -0.0024610085
    0.0048694858    -0.0038837736    -0.0023483512
    0.0058308998    -0.0022996760    -0.0022628164
    0.0061922732    -0.0002947566    -0.0022400545
    0.0056771235     0.0018905705    -0.0023732517
   -0.0057719938    -0.0016502037    -0.0005435219
   -0.0052072211    -0.0036752583    -0.0005247747
   -0.0040203992    -0.0052451062    -0.0005062332
   -0.0024746406    -0.0062626377    -0.0004695214
   -0.0007841522    -0.0067460534    -0.0004029067
    0.0009194751    -0.0067601347    -0.0003027040
    0.0025677780    -0.0063518359    -0.0001741345
    0.0041022726    -0.0055220281    -0.0000305282
    0.0054194221    -0.0042443781     0.0001078680
    0.0063438484    -0.0025223216     0.0002142709
    0.0066490962    -0.0004613689     0.0002551448
    0.0061312451     0.0016700715     0.0001951340
    0.0047311632     0.0034217502     0.0000316925
   -0.0043597717     0.0026624366     0.0009812313
   -0.0055947480     0.0005303011     0.0014162426
   -0.0057924809    -0.0017776141     0.0017160598
   -0.0050904983    -0.0038339031     0.0019028003
   -0.0037544184    -0.0053706760     0.0020111596
   -0.0020758332    -0.0062883825     0.0020800989
   -0.0002912528    -0.0066106649     0.0021446899
    0.0014480938    -0.0064104104     0.0022281195
    0.0030523387    -0.0057462208     0.0023363000
    0.0044377719    -0.0046401152     0.0024560991
    0.0054759285    -0.0031052977     0.0025570438
    0.0059797005    -0.0012095115     0.0025968292
    0.0057434834     0.0008579078     0.0025326256
    0.0046311404     0.0027548256     0.0023434684
    0.0026770352     0.0040322908     0.0020663356
    0.0001298702     0.0042830676     0.0018109161
   -0.0036928781     0.0028836801     0.0024692382
   -0.0048392452     0.0006815140     0.0032632400
   -0.0048376163    -0.0016063391     0.0037886655
   -0.0039127304    -0.0035000882     0.0040882629
   -0.0024156867    -0.0047368091     0.0042304256
   -0.0006894649    -0.0052565219     0.0042889180
    0.0010122940    -0.0051201537     0.0043226642
    0.0025264654    -0.0044159364     0.0043599381
    0.0037224768    -0.0032113382     0.0043905803
    0.0044384507    -0.0015757124     0.0043680200
    0.0044658755     0.0003455270     0.0042213910
    0.0036082526     0.0022581945     0.0038774373
    0.0017942457     0.0037088616     0.0032876655
   -0.0008103529     0.0041718607     0.0024415672
   -0.0037386822     0.0032105896     0.0013299185
    0.0046743877     0.0030328512    -0.0012678591
    0.0015915653     0.0045657449     0.0001340904
   -0.0014294210     0.0043806439     0.0014079238
   -0.0024108817     0.0033675014     0.0032439434
   -0.0034222054     0.0013376749     0.0043958540
   -0.0033037631    -0.0006741513     0.0051093299
   -0.0023545972    -0.0021799670     0.0054762285
   -0.0009800846    -0.0029540186     0.0056104532
    0.0004576892    -0.0029823869     0.0056145999
    0.0016960723    -0.0023547994     0.0055483029
    0.0025355354    -0.0011868765     0.0054092248
    0.0027773252     0.0003739203     0.0051328086
    0.0022157898     0.0020771729     0.0046108530
    0.0007219648     0.0035081380     0.0037217438
   -0.0016104827     0.0041135377     0.0023577779
   -0.0043157866     0.0033452795     0.0004373000
    0.0026407456     0.0047160265    -0.0005079941
   -0.0002549378     0.0047302052     0.0016068908
   -0.0011937396     0.0038407220     0.0032855634
   -0.0019135650     0.0020006664     0.0047583065
   -0.0015312545     0.0004499319     0.0055262566
   -0.0005552580    -0.0003065620     0.0057890845
    0.0004609881    -0.0001654618     0.0057226612
    0.0010819254     0.0007332785     0.0053999873
    0.0009739174     0.0021105971     0.0047547810
   -0.0000982145     0.0035099605     0.0036059711
   -0.0021045318     0.0042546789     0.0017285849
   -0.0044507738     0.0036158050    -0.0010431712
    0.0032624865     0.0047231466    -0.0021964175
    0.0007435605     0.0050742419     0.0009671990
   -0.0003905499     0.0043410403     0.0026649316
   -0.0007482854     0.0029790018     0.0041911552
   -0.0003658840     0.0023233201     0.0046654831
   -0.0000522401     0.0026742332     0.0043489820
   -0.0004754383     0.0036794463     0.0032682921
   -0.0018595183     0.0045340657     0.0011978754
   -0.0035471700     0.0042701802    -0.0020457670
    0.0010280714     0.0053352705    -0.0001477850
   -0.0003422270     0.0046818498     0.0018204960
   -0.0006857933     0.0044760458     0.0020121475
   -0.0016662353     0.0049973257    -0.0003430252
    0.0004340829     0.0054330521    -0.0010763245
   -0.0006912874     0.0053177107    -0.0012076798
   -0.0012637579     0.0010348843     0.0002532375
   -0.0013066580     0.0002792289     0.0004521185
   -0.0007485404     0.0020112786    -0.0010630992
   -0.0014120688     0.0013371782    -0.0005290512
   -0.0015888609     0.0004724051    -0.0002176721
    0.0001823909     0.0023254626    -0.0020918446
   -0.0008968089     0.0016769545    -0.0014475446
   -0.0013294439     0.0007786145    -0.0010176360
    0.0003989061     0.0021784614    -0.0020484327
   -0.0005246928     0.0012801382    -0.0015337131
   -0.0002095904    -0.0021654950     0.0007213242
   -0.0015588190    -0.0019285703     0.0000395636
   -0.0007190184    -0.0025678499    -0.0000357335
    0.0002643890    -0.0027728496     0.0000152698
    0.0011443664    -0.0026408092     0.0001918362
   -0.0017113576    -0.0022837211    -0.0006396770
   -0.0006594779    -0.0029535937    -0.0007934302
    0.0005043112    -0.0032383738    -0.0007269059
   -0.0013849471    -0.0032300642    -0.0013517734
    0.0001046867    -0.0040908475    -0.0014595146
   -0.0005703542     0.0002035571     0.0021835718
   -0.0009602032    -0.0004453847     0.0019217938
   -0.0000779296    -0.0005647537     0.0022980986
    0.0003588004     0.0001609063     0.0023365636
   -0.0005251957    -0.0013213017     0.0016351452
    0.0003442983    -0.0012633192     0.0018839115
    0.0009999091    -0.0006997824     0.0019978416
    0.0011660393     0.0001041124     0.0019979821
    0.0004204882    -0.0016523961     0.0010819809
    0.0010914457    -0.0012970216     0.0012165649
    0.0017076546     0.0002357460     0.0008102443
    0.0015097698     0.0009942545     0.0005641492
    0.0018980816    -0.0004404318     0.0005157109
    0.0020314966     0.0003266739     0.0003314496
    0.0017355199     0.0011631619     0.0000864720
    0.0021391583    -0.0003159263     0.0000119751
    0.0021401133     0.0005373538    -0.0002532153
    0.0016834016     0.0014417726    -0.0005002272
    0.0021074807     0.0009180152    -0.0006976506
    0.0013501967     0.0019240949    -0.0009441101
   -0.0001311567     0.0018585582     0.0011254036
   -0.0009631793     0.0016325888     0.0010503901
    0.0007708001     0.0020018799     0.0001352333
    0.0000543344     0.0023145790     0.0001936996
   -0.0007776884     0.0022553980     0.0001441014
   -0.0014222003     0.0018573027     0.0000107261
    0.0004423144     0.0021344641    -0.0011059228
   -0.0002264480     0.0023376554    -0.0011720395
   -0.0009303491     0.0022060799    -0.0012960918
   -0.0014231806     0.0018282718    -0.0014532147
   -0.0060480694     0.0006108022    -0.0004403643
   -0.0057475735    -0.0024914158    -0.0018470694
   -0.0038543795    -0.0049621411    -0.0029813542
   -0.0008668906    -0.0062134841    -0.0035912996
    0.0022650771    -0.0058954599    -0.0036562903
    0.0047172715    -0.0040664762    -0.0034001747
    0.0058971506    -0.0010999441    -0.0028590797
    0.0053616788     0.0023437093    -0.0018700136
   -0.0057673750     0.0009635873    -0.0023878077
   -0.0050829806    -0.0019241699    -0.0040034159
   -0.0029595007    -0.0040448572    -0.0051071398
   -0.0000050226    -0.0047398574    -0.0056321139
    0.0028486064    -0.0037545816    -0.0055667941
    0.0047146935    -0.0013311403    -0.0049308928
    0.0049986068     0.0018382999    -0.0036523311
   -0.0046277205     0.0015587244    -0.0042908026
   -0.0033487640    -0.0010295550    -0.0059838440
   -0.0006851249    -0.0022010875    -0.0068257224
    0.0020868642    -0.0012682733    -0.0066964101
    0.0035659216     0.0013493160    -0.0055489822
    0.0031450835     0.0043047121    -0.0033911491
   -0.0027673050     0.0039498671    -0.0041865452
   -0.0019303596     0.0013694979    -0.0063396194
    0.0007137989     0.0013400663    -0.0066656376
    0.0016196243     0.0040183423    -0.0047778084
   -0.0005735787     0.0038942777    -0.0051435563
