    0.0098094786
    0.0070178823
    0.0041866114
    0.0029020411
    0.0029388734
    0.0044826885
    0.0056671482
    0.0030315612
    0.0030100766
    0.0031933338
    0.0023892594
    0.0022302169
    0.0035564883
    0.0060030249
    0.0026601114
    0.0033687495
    0.0018359450
    0.0022446318
    0.0033680147
    0.0046907638
    0.0060145182
    0.0072054493
    0.0082454784
    0.0093423961
    0.0022394704
    0.0020251294
    0.0031575578
    0.0046266457
    0.0057332658
    0.0062062262
    0.0066632009
    0.0077635907
    0.0102236891
    0.0022676743
    0.0027872273
    0.0054567424
    0.0097662849
    0.0099384156
    0.0024892314
    0.0025012704
    0.0058222866
    0.0144515695
   -0.0176579528
   -0.0045101984
    0.0002464456
    0.0031606133
   -0.0001689551
    0.0064362149
    0.0225975402
    0.0102695494
    0.0092669626
    0.0069400247
    0.0099052459
    0.0076948753
    0.0046476119
    0.0045366934
    0.0104320193
    0.0095531201
    0.0072979336
    0.0042083644
    0.0009442138
    0.0012528274
    0.0000230493
   -0.0014432860
   -0.0044034391
   -0.0051483662
   -0.0099184463
   -0.0098825310
   -0.0055687502
   -0.0113987614
   -0.0160200785
   -0.0197175138
   -0.0039781251
   -0.0149847329
    0.0176574352
    0.0288363452
    0.0215083294
    0.0131230852
    0.0016129859
   -0.0240690123
   -0.0268466301
   -0.0287301455
   -0.0302926567
   -0.0312504065
   -0.0305758977
   -0.0266107595
   -0.0274152912
   -0.0326004062
   -0.0354032858
   -0.0367872655
   -0.0375499428
   -0.0380125766
   -0.0378971903
   -0.0364035150
   -0.0324701298
   -0.0252499420
   -0.0237991909
   -0.0324436577
   -0.0373196072
   -0.0394453208
   -0.0400062296
   -0.0398065289
   -0.0389089886
   -0.0365982851
   -0.0316788600
   -0.0230138000
   -0.0099869856
    0.0053296510
   -0.0110199200
   -0.0228897249
   -0.0317151262
   -0.0359126174
   -0.0369991978
   -0.0362309773
   -0.0338965910
   -0.0291403325
   -0.0203786911
   -0.0059251335
   -0.0084008846
   -0.0177189409
   -0.0259228898
   -0.0282852571
   -0.0265567982
   -0.0209147097
   -0.0097364050
   -0.0017436686
   -0.0118208504
   -0.0127080746
    0.0003581680
    0.0041636959
    0.0050590179
    0.0045253650
    0.0034937188
    0.0055973306
    0.0062886136
    0.0052050131
   -0.0025606713
    0.0015102860
    0.0047354021
    0.0060517548
    0.0055037583
    0.0038297740
   -0.0057289886
    0.0009105704
    0.0039147160
    0.0040877063
   -0.0119227907
   -0.0022523649
    0.0013127438
    0.0068456827
    0.0079505522
    0.0064238411
    0.0090866385
    0.0109095249
    0.0117136383
    0.0118336344
    0.0062894147
    0.0099377081
    0.0128804037
    0.0146373978
    0.0154325146
    0.0162891059
    0.0090234261
    0.0126186197
    0.0157721130
    0.0179739058
    0.0202852104
    0.0263051357
    0.0165847639
    0.0177507701
    0.0218467868
    0.0314524166
    0.0273490203
    0.0116904521
    0.0113712673
    0.0094956753
    0.0092376273
    0.0109777072
    0.0125926321
    0.0126897073
    0.0118009069
    0.0107139982
    0.0064864815
    0.0083800727
    0.0103276895
    0.0117496876
    0.0124006848
    0.0123438785
    0.0076027314
    0.0091177116
    0.0102045469
    0.0108872547
    0.0113444731
    0.0058945654
    0.0107298754
    0.0100271727
    0.0084645994
    0.0058130722
    0.0111566848
    0.0107072622
    0.0089495450
    0.0055029859
    0.0009354786
    0.0122890763
    0.0120428348
    0.0111427520
    0.0090232896
    0.0032481546
    0.0133067808
    0.0114383670
    0.0083242219
   -0.0008686435
    0.0124435695
    0.0072553018
    0.0095278575
    0.0089070688
    0.0088577654
    0.0085745220
    0.0090399867
    0.0067938006
    0.0073349677
    0.0075059767
    0.0070020020
    0.0065134851
    0.0035315269
    0.0038265466
    0.0042387235
    0.0040791015
    0.0033869655
    0.0029689618
   -0.0010835155
   -0.0012812167
   -0.0016379146
   -0.0024622675
   -0.0034308803
   -0.0125441598
    0.0178754443
    0.0289687242
    0.0346729433
    0.0346138716
    0.0309805676
    0.0230737600
    0.0138739845
    0.0254363031
    0.0327657593
    0.0352729762
    0.0329288920
    0.0255729233
    0.0123313074
    0.0042683498
    0.0166592464
    0.0268856689
    0.0327779660
    0.0332949382
    0.0280774661
    0.0172853989
    0.0101802476
    0.0092314281
    0.0180183517
    0.0272598164
    0.0287279419
    0.0206821511
    0.0211996815
    0.0060306645
    0.0076411391
    0.0057852280
    0.0040011296
    0.0031328146
    0.0032694740
    0.0044580653
    0.0043462396
    0.0026474001
    0.0021386503
    0.0021179550
    0.0021862459
    0.0027082573
    0.0039994904
    0.0023205653
    0.0019424010
    0.0026242062
    0.0028978449
    0.0023620356
    0.0019165630
    0.0021830218
    0.0030498745
    0.0042559774
    0.0056138546
    0.0086314276
    0.0005669385
    0.0012063558
    0.0029003288
    0.0018912045
    0.0018848668
    0.0024898459
    0.0033358609
    0.0042234726
    0.0050382434
    0.0057606962
    0.0064606328
    0.0072143542
    0.0081629334
   -0.0025659608
    0.0027120500
    0.0018511949
    0.0021576751
    0.0030750150
    0.0041921979
    0.0051626333
    0.0057710810
    0.0061629366
    0.0066951195
    0.0076113007
   -0.0096701988
    0.0025095791
    0.0019703707
    0.0027202191
    0.0043310072
    0.0063081142
    0.0083770979
    0.0084167678
    0.0091665055
    0.0018757838
    0.0019254123
    0.0030907929
    0.0054653155
    0.0115484036
    0.0117711881
   -0.0111902647
   -0.0033888033
   -0.0000399844
    0.0017797803
    0.0040516450
    0.0158691737
   -0.0056467199
    0.0003256903
    0.0041074452
    0.0026429910
    0.0081680110
    0.0072464070
    0.0072369695
    0.0076507309
    0.0059050057
    0.0084227439
    0.0066224210
    0.0044360153
    0.0042982202
    0.0040867817
    0.0073024481
    0.0057723340
    0.0035078068
    0.0020618078
    0.0021644311
    0.0083194143
    0.0057594308
    0.0032922414
    0.0004721320
   -0.0010369282
   -0.0011899577
   -0.0032220056
   -0.0028633657
    0.0089590781
   -0.0012621021
   -0.0041866060
   -0.0060460348
   -0.0070727850
   -0.0102663454
   -0.0114654182
   -0.0110628470
   -0.0077160109
   -0.0040162425
   -0.0084921431
   -0.0122964336
   -0.0155292913
   -0.0182611443
   -0.0019337055
   -0.0087402113
   -0.0154869248
    0.0147656235
    0.0131831902
   -0.0069478376
    0.0216663869
    0.0177872692
    0.0137555280
    0.0087440438
    0.0018455506
    0.0122136042
   -0.0179498606
   -0.0210184535
   -0.0227118512
   -0.0239059396
   -0.0248075044
   -0.0253281623
   -0.0251066111
   -0.0235560608
   -0.0198482264
   -0.0190496480
   -0.0234920555
   -0.0263376357
   -0.0280184443
   -0.0289726958
   -0.0295106621
   -0.0297168867
   -0.0294216078
   -0.0282382792
   -0.0256613711
   -0.0212391843
   -0.0149173176
   -0.0155114140
   -0.0220535447
   -0.0265440480
   -0.0292745120
   -0.0307030581
   -0.0312926574
   -0.0313536117
   -0.0309421046
   -0.0298399289
   -0.0276201677
   -0.0237934984
   -0.0180161983
   -0.0102699191
   -0.0069342279
   -0.0159774373
   -0.0228434232
   -0.0271716319
   -0.0294399281
   -0.0302518794
   -0.0300844486
   -0.0290926743
   -0.0270465335
   -0.0234205553
   -0.0176013547
   -0.0091129270
    0.0022667664
    0.0055583103
   -0.0064243864
   -0.0142188021
   -0.0212038331
   -0.0249225120
   -0.0261578423
   -0.0255777402
   -0.0233460445
   -0.0190234870
   -0.0118029349
   -0.0009221567
   -0.0035069280
   -0.0113899335
   -0.0175798689
   -0.0190501957
   -0.0166804799
   -0.0102720923
    0.0010917713
    0.0003834980
   -0.0074547703
   -0.0083042110
    0.0003617719
    0.0032860930
    0.0034704636
    0.0028966492
    0.0030886296
    0.0022473876
    0.0034047083
    0.0038620215
    0.0034349821
   -0.0013893436
    0.0010571953
    0.0030046649
    0.0039047132
    0.0037549295
   -0.0069756814
   -0.0021288882
    0.0011729546
    0.0028521015
    0.0031817293
   -0.0086549475
   -0.0025184803
    0.0006248583
    0.0017833517
   -0.0086826263
   -0.0024714180
    0.0070114737
    0.0079662316
    0.0084218056
    0.0075043357
    0.0092316863
    0.0103734702
    0.0110084510
    0.0114696249
    0.0079940121
    0.0102642213
    0.0119956973
    0.0132027579
    0.0142385023
    0.0158874056
    0.0095911775
    0.0120004519
    0.0142022528
    0.0162575764
    0.0192670303
    0.0162121156
    0.0200916945
    0.0089395105
    0.0088602182
    0.0074930397
    0.0072498846
    0.0084529487
    0.0096429533
    0.0097786343
    0.0094416296
    0.0087303596
    0.0059350673
    0.0072722548
    0.0085340160
    0.0094320578
    0.0098488857
    0.0098165447
    0.0060242357
    0.0072131793
    0.0081561777
    0.0088090272
    0.0092005004
    0.0093999167
    0.0079005470
    0.0065756520
    0.0045635462
    0.0087508911
    0.0080253630
    0.0066248442
    0.0042197267
    0.0096807329
    0.0092716027
    0.0083451374
    0.0066810526
    0.0032556555
    0.0109331634
    0.0099192458
    0.0085275876
    0.0063761840
    0.0012748085
    0.0111900061
    0.0088018160
    0.0057035776
    0.0103997564
    0.0051522295
    0.0073386422
    0.0065675561
    0.0064256569
    0.0065561315
    0.0052433688
    0.0052082044
    0.0052168604
    0.0049999824
    0.0047881964
    0.0028386081
    0.0028844266
    0.0028224685
    0.0025197032
    0.0021604971
    0.0022130720
   -0.0008038953
   -0.0010523726
   -0.0014816859
   -0.0020803381
   -0.0025027739
   -0.0073659762
   -0.0083804513
   -0.0095720219
    0.0126835181
    0.0207106407
    0.0261685463
    0.0280658418
    0.0270436927
    0.0235585977
    0.0170881290
    0.0097807076
    0.0179710686
    0.0238105803
    0.0269431899
    0.0271436701
    0.0244419370
    0.0186983228
    0.0096290523
    0.0075642892
    0.0158435604
    0.0220589355
    0.0251852141
    0.0246999631
    0.0204815505
    0.0127967365
    0.0067287563
    0.0058343670
    0.0126131401
    0.0198048619
    0.0209763542
    0.0148061952
    0.0149084837
    0.0065820710
    0.0051452815
    0.0050620882
    0.0074055148
    0.0062330190
    0.0049611034
    0.0037935903
    0.0032274731
    0.0033706249
    0.0042082174
    0.0074074121
    0.0052362185
    0.0037136538
    0.0026157263
    0.0021872261
    0.0021892331
    0.0024361588
    0.0030176974
    0.0040491928
    0.0054741049
    0.0025605329
    0.0017295612
    0.0016669949
    0.0018573420
    0.0019456035
    0.0019901638
    0.0022488677
    0.0028405416
    0.0037185251
    0.0047764769
    0.0058734877
    0.0077112231
    0.0074867949
    0.0014628965
    0.0008065400
    0.0012791095
    0.0020227671
    0.0023463822
    0.0021560750
    0.0018914522
    0.0019335059
    0.0023365710
    0.0029848199
    0.0037583480
    0.0045632299
    0.0053170361
    0.0059581162
    0.0064629799
    0.0068446582
    0.0071321175
   -0.0009916981
    0.0003147563
    0.0023733421
    0.0018930327
    0.0018475601
    0.0021943807
    0.0027740571
    0.0034503695
    0.0041223951
    0.0047223537
    0.0052380859
    0.0057125125
    0.0062003165
    0.0067417953
   -0.0027779906
    0.0022200956
    0.0018453906
    0.0020021559
    0.0025595913
    0.0033391102
    0.0041759560
    0.0049120172
    0.0054500751
    0.0058280728
    0.0061884549
    0.0066627592
    0.0073561749
   -0.0073092195
    0.0019922456
    0.0018517154
    0.0022443656
    0.0030952952
    0.0042427190
    0.0054626352
    0.0064679618
    0.0070578132
    0.0072979490
    0.0074670310
    0.0078192830
    0.0085395709
   -0.0112235419
    0.0013402393
    0.0016647407
    0.0023257139
    0.0034786215
    0.0050693900
    0.0095232584
    0.0096709316
   -0.0074665391
   -0.0026285391
   -0.0001490104
    0.0012786498
    0.0026294235
    0.0043875092
    0.0066578690
    0.0122742225
   -0.0075291933
   -0.0022049819
    0.0008756925
    0.0031817898
    0.0055960627
    0.0166385966
    0.0014639693
    0.0050587744
    0.0084232242
    0.0211416182
    0.0093865415
    0.0136101311
    0.0184634146
    0.0058418323
    0.0057318074
    0.0064972268
    0.0051223689
    0.0051991764
    0.0052144274
    0.0072966624
    0.0058422555
    0.0042130357
    0.0039162139
    0.0063513815
    0.0051484712
    0.0034534037
    0.0025839747
    0.0024213865
    0.0017655527
    0.0068473521
    0.0058988631
    0.0046995015
    0.0029188691
    0.0014114462
    0.0005170677
    0.0003663147
   -0.0008062353
    0.0069502665
    0.0061339698
    0.0046760172
    0.0026575321
    0.0004865966
   -0.0011795862
   -0.0022458889
   -0.0027432104
   -0.0050125902
   -0.0049379558
   -0.0007272164
   -0.0031656134
   -0.0051068914
   -0.0065896304
   -0.0076958701
   -0.0086054395
   -0.0095333532
   -0.0105106470
   -0.0112401813
   -0.0112048732
   -0.0098591620
   -0.0025474068
   -0.0058517174
   -0.0088226897
   -0.0114670508
   -0.0137740109
   -0.0157642456
    0.0095885959
   -0.0008678330
   -0.0053271698
   -0.0097950509
   -0.0141727343
    0.0113585588
    0.0102282857
   -0.0036389478
   -0.0097629480
    0.0148050065
    0.0124368823
    0.0097618327
    0.0063371677
    0.0018361020
    0.0208284560
    0.0169782895
    0.0125255265
    0.0072788210
    0.0009540549
   -0.0163956053
   -0.0172816256
   -0.0179167834
   -0.0181216292
   -0.0175931734
   -0.0158933392
   -0.0183497132
   -0.0200177971
   -0.0211058776
   -0.0218153614
   -0.0222356307
   -0.0223195086
   -0.0218890547
   -0.0206623957
   -0.0182940941
   -0.0144401755
   -0.0149421930
   -0.0187035648
   -0.0213135676
   -0.0229874362
   -0.0239747874
   -0.0244901344
   -0.0246527430
   -0.0244538343
   -0.0237560428
   -0.0223249048
   -0.0198939939
   -0.0162737118
   -0.0115181950
   -0.0110001555
   -0.0161205454
   -0.0199099912
   -0.0224744215
   -0.0240300486
   -0.0248272038
   -0.0250732240
   -0.0248723660
   -0.0241960320
   -0.0228901448
   -0.0207197489
   -0.0174461433
   -0.0129218898
   -0.0071558825
   -0.0002594330
    0.0027102361
   -0.0046216772
   -0.0106796760
   -0.0159875144
   -0.0197068205
   -0.0220147602
   -0.0231876563
   -0.0234933387
   -0.0230936546
   -0.0219876048
   -0.0200123069
   -0.0169017778
   -0.0123845928
   -0.0062829760
    0.0014194897
    0.0044366015
   -0.0037910255
   -0.0094768965
   -0.0149478050
   -0.0182451384
   -0.0197140553
   -0.0197179700
   -0.0184230685
   -0.0157060466
   -0.0112300505
   -0.0046515180
    0.0040984601
   -0.0017439819
   -0.0074898776
   -0.0124190867
   -0.0142720215
   -0.0134461058
   -0.0100321625
   -0.0037862802
    0.0006083006
   -0.0055821900
   -0.0063392731
   -0.0000859814
    0.0021638775
    0.0020297856
    0.0021847149
    0.0025986009
   -0.0001807029
    0.0013378986
    0.0023745709
    0.0027414480
   -0.0022568843
    0.0001028035
    0.0016261351
    0.0023408638
    0.0024179940
   -0.0073327128
   -0.0028165903
   -0.0000738286
    0.0013278155
   -0.0048823060
   -0.0012423562
    0.0067122386
    0.0076154354
    0.0082161972
    0.0075090434
    0.0088175951
    0.0097703371
    0.0104827831
    0.0074233356
    0.0092583869
    0.0107727235
    0.0120268269
    0.0133539178
    0.0109896263
    0.0128752877
    0.0149813490
    0.0183619279
    0.0152508400
    0.0188649973
    0.0072189499
    0.0072455300
    0.0062237659
    0.0060114667
    0.0068724465
    0.0077722076
    0.0079125029
    0.0078155567
    0.0061182544
    0.0070771101
    0.0077798156
    0.0081233977
    0.0081131497
    0.0063306353
    0.0070866365
    0.0076077283
    0.0079030313
    0.0080056972
    0.0065831951
    0.0053621279
    0.0034366079
    0.0075536737
    0.0066644867
    0.0052969512
    0.0029735635
    0.0086624185
    0.0078503777
    0.0067170273
    0.0051167537
    0.0017198200
    0.0086085757
    0.0069280731
    0.0047158199
    0.0074993567
    0.0042095139
    0.0051853773
    0.0050017485
    0.0040257049
    0.0038787182
    0.0037283508
    0.0037267635
    0.0023907128
    0.0021979171
    0.0020298820
    0.0017944876
    0.0016255352
   -0.0003496613
   -0.0006485668
   -0.0009793390
   -0.0013700276
   -0.0016587132
   -0.0052540983
   -0.0059116701
    0.0064903467
    0.0133186058
    0.0185817605
    0.0218295416
    0.0227300156
    0.0216041368
    0.0185850177
    0.0133829241
    0.0079143848
    0.0142888022
    0.0188664598
    0.0213202586
    0.0214541959
    0.0192665997
    0.0147011866
    0.0076817772
    0.0055470220
    0.0120216404
    0.0169271187
    0.0194056092
    0.0190184159
    0.0156886015
    0.0097135306
    0.0090696819
    0.0147709682
    0.0157261322
    0.0108977918
    0.0107839035
    0.0054815291
    0.0053502781
    0.0043612039
    0.0042843343
    0.0053127865
    0.0060064372
    0.0051673487
    0.0042305878
    0.0033878278
    0.0029942354
    0.0031251751
    0.0037341482
    0.0047722132
    0.0061522497
    0.0034752855
    0.0026124586
    0.0021701838
    0.0021003238
    0.0022583691
    0.0026036628
    0.0031853371
    0.0040162193
    0.0050144847
    0.0066564867
    0.0024768535
    0.0016892310
    0.0014576809
    0.0015477010
    0.0017178059
    0.0018783659
    0.0021022388
    0.0024888094
    0.0030658368
    0.0037944464
    0.0045991977
    0.0053796052
    0.0060245742
    0.0064475315
    0.0066208881
    0.0065736326
    0.0063524214
    0.0008862306
    0.0006602979
    0.0009547814
    0.0013833821
    0.0016640641
    0.0017503504
    0.0017920279
    0.0019525590
    0.0022936871
    0.0027906750
    0.0033874411
    0.0040245476
    0.0046438671
    0.0051931565
    0.0056360587
    0.0059585024
    0.0061633502
    0.0062508010
   -0.0006733511
    0.0001173315
    0.0010363895
    0.0016742216
    0.0018818586
    0.0018138822
    0.0017393563
    0.0018330375
    0.0021264853
    0.0025710612
    0.0031006696
    0.0036555413
    0.0041868912
    0.0046636125
    0.0050786271
    0.0054435664
    0.0057738753
    0.0060780315
   -0.0024996402
   -0.0008669827
    0.0018744954
    0.0017332531
    0.0017635218
    0.0020216863
    0.0024632412
    0.0030150044
    0.0036030660
    0.0041594027
    0.0046360997
    0.0050250562
    0.0053590164
    0.0056861339
    0.0060434134
    0.0064651611
   -0.0067195019
   -0.0040473893
    0.0016848302
    0.0016664978
    0.0016821866
    0.0019060632
    0.0023578141
    0.0029849304
    0.0037091399
    0.0044358500
    0.0050675456
    0.0055424526
    0.0058712641
    0.0061289938
    0.0064040336
    0.0067596773
   -0.0105276968
   -0.0062296309
    0.0011775822
    0.0014721547
    0.0018602029
    0.0024652373
    0.0032885592
    0.0042658094
    0.0052774750
    0.0061646488
    0.0067971671
    0.0071594781
    0.0073631723
    0.0075625760
    0.0078656022
   -0.0114480857
   -0.0062132186
   -0.0027195905
   -0.0006349246
    0.0005553824
    0.0013832337
    0.0022175073
    0.0032330714
    0.0044641629
    0.0058303483
    0.0090312476
    0.0092063843
    0.0094659888
   -0.0073049346
   -0.0031644721
   -0.0006251244
    0.0010586191
    0.0024552211
    0.0039050367
    0.0055403704
    0.0072948986
    0.0112339076
    0.0116525362
   -0.0039048440
   -0.0003240532
    0.0021094268
    0.0041414065
    0.0061864550
    0.0083345984
    0.0142770443
   -0.0000489966
    0.0034756742
    0.0062379867
    0.0088893843
    0.0115666776
    0.0165169380
    0.0089851915
    0.0124539186
    0.0164091620
    0.0048516052
    0.0047213055
    0.0055415405
    0.0043769063
    0.0041740093
    0.0041928716
    0.0040167687
    0.0050864399
    0.0037798127
    0.0033525084
    0.0033488257
    0.0035627012
    0.0032493537
    0.0028519573
    0.0055195991
    0.0045549779
    0.0031887968
    0.0024671680
    0.0021227505
    0.0021829224
    0.0018217779
    0.0014721159
    0.0059226328
    0.0050630192
    0.0041207718
    0.0027159802
    0.0016502934
    0.0008821160
    0.0005031055
    0.0004828590
   -0.0005023333
   -0.0003979209
    0.0062665045
    0.0057260660
    0.0049433417
    0.0038909784
    0.0023602941
    0.0009045938
   -0.0003143895
   -0.0012014833
   -0.0017419686
   -0.0020057002
   -0.0021606812
   -0.0033283349
   -0.0035593374
   -0.0032206056
    0.0063834423
    0.0059466756
    0.0051097902
    0.0038521928
    0.0019798050
    0.0001074608
   -0.0015803675
   -0.0029957140
   -0.0041200877
   -0.0049759869
   -0.0056364186
   -0.0062173606
   -0.0068099554
   -0.0073865120
   -0.0077673521
   -0.0076813436
   -0.0068493134
    0.0069924486
    0.0068211604
    0.0013529656
   -0.0009453301
   -0.0031305598
   -0.0051182887
   -0.0068849738
   -0.0084248928
   -0.0097494988
   -0.0108944439
   -0.0118948481
   -0.0127285029
   -0.0132699651
   -0.0132978702
   -0.0125512038
   -0.0107793352
    0.0076708363
    0.0002402112
   -0.0026169443
   -0.0054607196
   -0.0082013015
   -0.0107895444
   -0.0131734034
    0.0086195492
    0.0078498397
   -0.0013017410
   -0.0049340907
   -0.0087013586
   -0.0124890064
    0.0101514697
    0.0087571083
    0.0070644681
    0.0048533989
    0.0020287352
   -0.0031230362
   -0.0079351406
    0.0128635107
    0.0106462634
    0.0080697629
    0.0049654404
    0.0012226890
    0.0176865771
    0.0144444662
    0.0106270736
    0.0061848488
    0.0010161384
   -0.0145253770
   -0.0150984556
   -0.0154423962
   -0.0154532388
   -0.0149631286
   -0.0137408903
   -0.0157228609
   -0.0168334500
   -0.0175884241
   -0.0180760192
   -0.0183238080
   -0.0182917274
   -0.0178763722
   -0.0169235885
   -0.0152477279
   -0.0126637723
   -0.0137941402
   -0.0161182589
   -0.0177688891
   -0.0188746166
   -0.0195636789
   -0.0199337584
   -0.0200294261
   -0.0198314967
   -0.0192592708
   -0.0181855919
   -0.0164657323
   -0.0139857180
   -0.0107419421
   -0.0077196276
   -0.0116937086
   -0.0148346010
   -0.0171629380
   -0.0187714367
   -0.0197884534
   -0.0203417264
   -0.0205259617
   -0.0203797695
   -0.0198762866
   -0.0189289252
   -0.0174127999
   -0.0152012332
   -0.0122150171
   -0.0084710444
   -0.0040846247
   -0.0079182344
   -0.0120752943
   -0.0152401512
   -0.0174604637
   -0.0188614563
   -0.0195954116
   -0.0197916399
   -0.0195173386
   -0.0187580536
   -0.0174225705
   -0.0153718919
   -0.0124672400
   -0.0086235999
   -0.0038445611
    0.0017795204
    0.0090642110
    0.0029399701
   -0.0028410637
   -0.0071771124
   -0.0113793946
   -0.0144395925
   -0.0164332985
   -0.0175088776
   -0.0178183631
   -0.0174565532
   -0.0164257506
   -0.0146367150
   -0.0119458728
   -0.0082171387
   -0.0033897042
    0.0024564094
    0.0042442878
   -0.0018901313
   -0.0062337669
   -0.0104693228
   -0.0131639935
   -0.0144554224
   -0.0145262085
   -0.0134682113
   -0.0112275559
   -0.0076562391
   -0.0026533292
    0.0036318423
    0.0062042812
   -0.0005281562
   -0.0050189174
   -0.0087568469
   -0.0102737548
   -0.0097013012
   -0.0071104246
   -0.0025080375
    0.0037290064
    0.0007483794
   -0.0039744508
   -0.0045980078
   -0.0002229957
    0.0014301338
    0.0011449215
    0.0013296675
    0.0018978717
   -0.0007283008
    0.0006718285
    0.0015377913
   -0.0028047409
   -0.0006288190
    0.0007251272
   -0.0027874479
   -0.0005747132
    0.0075100841
    0.0074124783
    0.0084508873
    0.0092993025
    0.0100781350
    0.0089772739
    0.0102038495
    0.0113960177
    0.0119325643
    0.0140026880
    0.0060445314
    0.0057913596
    0.0064883016
    0.0066166535
    0.0060372583
    0.0065958644
    0.0068785952
    0.0068758779
    0.0063157121
    0.0066850278
    0.0055756712
    0.0044439025
    0.0065669012
    0.0055855612
    0.0042751278
    0.0069142807
    0.0056381268
    0.0040054062
    0.0058479683
    0.0036346154
    0.0030509894
    0.0029452155
    0.0018294604
    0.0016070249
    0.0014192617
    0.0013126316
   -0.0003349757
   -0.0006332013
   -0.0009174875
   -0.0011152014
    0.0080964157
    0.0127912525
    0.0162685782
    0.0182202850
    0.0185498129
    0.0174071942
    0.0148273452
    0.0106581123
    0.0086548297
    0.0129529674
    0.0159099013
    0.0172998759
    0.0170235752
    0.0150811036
    0.0114617632
    0.0092782464
    0.0132207086
    0.0152226825
    0.0149130337
    0.0122433845
    0.0075107035
    0.0066566390
    0.0112461224
    0.0120371661
    0.0081945288
    0.0079734209
